128	4	0.01	105652.40
384	4	0.03	30404.38
640	4	0.09	11722.64
896	4	0.09	10865.43
1152	4	0.09	10839.52
1408	4	0.13	7465.75
1664	4	0.12	8053.48
1920	4	0.27	3750.23
2176	4	0.33	3041.46
2432	4	0.36	2793.61
2688	4	0.42	2363.00
2944	4	0.44	2247.75
3200	4	0.48	2066.76
3456	4	0.67	1489.99
3712	4	0.70	1433.02
3968	4	0.65	1543.42
4224	4	0.66	1508.93
4480	4	1.22	819.64
4736	4	0.46	2179.55
4992	4	0.54	1842.60
5248	4	0.64	1572.39
5504	4	0.56	1800.54
5760	4	0.62	1605.06
6016	4	0.69	1440.41
6272	4	1.63	612.68
6528	4	1.86	536.43
6784	4	1.85	539.28
7040	4	1.79	557.61
7296	4	2.63	380.40
7552	4	1.68	596.15
7808	4	2.01	498.61
8064	4	2.75	363.53
8320	4	2.12	471.51
8576	4	2.80	357.07
8832	4	2.38	419.87
9088	4	2.41	415.70
9344	4	3.34	299.28
9600	4	2.91	343.51
9856	4	2.14	468.06
10112	4	1.85	541.04
10368	4	2.03	493.44
10624	4	2.66	376.42
10880	4	1.83	545.16
11136	4	1.96	509.98
11392	4	1.84	542.48
11648	4	2.06	485.08
11904	4	2.90	345.00
12160	4	4.75	210.37
12416	4	4.79	208.80
12672	4	2.91	343.30
12928	4	4.77	209.49
13184	4	4.95	201.82
13440	4	4.68	213.57
13696	4	5.31	188.31
13952	4	5.99	166.94
14208	4	5.86	170.63
14464	4	4.55	219.60
14720	4	5.86	170.53
14976	4	4.63	215.97
15232	4	5.75	173.95
15488	4	3.73	267.84
15744	4	4.96	201.60
16000	4	6.75	148.11
16256	4	6.76	147.87
16512	4	6.50	153.84
16768	4	5.34	187.19
17024	4	5.38	185.80
17280	4	5.07	197.29
17536	4	5.20	192.26
17792	4	6.51	153.64
18048	4	5.02	199.33
18304	4	5.30	188.51
18560	4	5.66	176.64
18816	4	6.50	153.91
19072	4	5.47	182.92
19328	4	6.63	150.72
19584	4	4.39	227.83
19840	4	3.79	264.07
20096	4	5.70	175.37
20352	4	4.00	249.85
20608	4	6.97	143.51
20864	4	7.31	136.76
21120	4	6.58	151.89
21376	4	5.69	175.67
21632	4	8.11	123.36
21888	4	5.86	170.54
22144	4	6.49	154.09
22400	4	9.00	111.06
22656	4	6.51	153.67
22912	4	6.21	161.04
23168	4	5.89	169.91
23424	4	5.89	169.87
23680	4	8.95	111.73
23936	4	6.70	149.32
24192	4	3.61	276.73
24448	4	10.54	94.91
24704	4	6.28	159.27
24960	4	5.40	185.14
25216	4	5.48	182.40
25472	4	5.37	186.33
25728	4	5.20	192.35
25984	4	5.68	176.17
26240	4	8.55	117.03
26496	4	6.65	150.47
26752	4	6.96	143.67
27008	4	7.87	127.05
27264	4	6.97	143.50
27520	4	9.74	102.70
27776	4	10.06	99.44
28032	4	9.26	107.95
28288	4	8.07	123.86
28544	4	6.96	143.75
28800	4	10.61	94.24
29056	4	7.64	130.92
29312	4	7.65	130.76
29568	4	6.99	143.05
29824	4	8.28	120.80
30080	4	8.12	123.20
30336	4	7.73	129.33
30592	4	8.57	116.74
30848	4	10.01	99.86
31104	4	12.37	80.86
31360	4	10.40	96.19
31616	4	11.23	89.01
31872	4	11.36	88.01
32128	4	9.70	103.08
32384	4	13.51	74.03
32640	4	15.53	64.41
32896	4	16.10	62.13
33152	4	12.52	79.86
33408	4	13.99	71.50
33664	4	14.95	66.89
33920	4	13.16	75.99
34176	4	11.57	86.44
34432	4	13.66	73.20
34688	4	13.24	75.51
34944	4	4.61	216.96
35200	4	8.40	119.02
35456	4	8.92	112.14
35712	4	9.10	109.88
35968	4	11.40	87.72
36224	4	12.03	83.11
36480	4	12.89	77.61
36736	4	11.73	85.27
36992	4	12.42	80.51
37248	4	12.25	81.64
37504	4	14.84	67.37
37760	4	14.79	67.59
38016	4	14.46	69.15
38272	4	19.15	52.23
38528	4	22.39	44.67
38784	4	16.14	61.97
39040	4	14.27	70.06
39296	4	13.89	72.02
39552	4	14.03	71.26
39808	4	14.29	69.97
40064	4	14.17	70.56
40320	4	9.21	108.63
40576	4	5.43	184.05
40832	4	9.22	108.43
41088	4	8.71	114.82
41344	4	17.92	55.79
41600	4	26.37	37.93
41856	4	15.73	63.56
42112	4	13.54	73.87
42368	4	13.75	72.74
42624	4	14.76	67.74
42880	4	14.31	69.89
43136	4	13.06	76.55
43392	4	13.31	75.15
43648	4	13.74	72.76
43904	4	13.47	74.23
44160	4	5.67	176.26
44416	4	11.11	90.04
44672	4	9.47	105.57
44928	4	9.19	108.79
45184	4	16.14	61.95
45440	4	14.20	70.42
45696	4	13.50	74.06
45952	4	10.56	94.71
46208	4	11.01	90.79
46464	4	10.72	93.31
46720	4	11.17	89.56
46976	4	11.59	86.26
47232	4	10.88	91.93
47488	4	14.53	68.82
47744	4	17.89	55.91
48000	4	17.72	56.44
48256	4	16.98	58.90
48512	4	18.45	54.22
48768	4	21.75	45.97
49024	4	21.75	45.97
49280	4	15.14	66.04
49536	4	17.61	56.79
49792	4	17.73	56.40
50048	4	15.69	63.74
50304	4	16.38	61.05
50560	4	23.64	42.29
50816	4	21.09	47.41
51072	4	15.60	64.11
51328	4	10.22	97.88
51584	4	11.92	83.87
51840	4	12.27	81.50
52096	4	24.00	41.66
52352	4	21.16	47.25
52608	4	23.23	43.05
52864	4	19.82	50.45
53120	4	16.26	61.50
53376	4	15.82	63.21
53632	4	17.63	56.71
53888	4	18.35	54.51
54144	4	15.38	65.04
54400	4	18.51	54.01
54656	4	22.51	44.42
54912	4	18.46	54.16
55168	4	18.78	53.24
55424	4	20.30	49.25
55680	4	18.59	53.80
55936	4	20.11	49.73
56192	4	20.68	48.35
56448	4	18.83	53.09
56704	4	17.22	58.06
56960	4	15.88	62.97
57216	4	27.26	36.69
57472	4	28.05	35.65
57728	4	27.32	36.60
57984	4	23.17	43.16
58240	4	24.14	41.43
58496	4	14.98	66.74
58752	4	15.93	62.76
59008	4	20.84	47.98
59264	4	25.92	38.59
59520	4	19.86	50.34
59776	4	18.01	55.52
60032	4	19.42	51.50
60288	4	19.28	51.87
60544	4	18.83	53.11
60800	4	37.04	27.00
61056	4	20.11	49.73
61312	4	17.45	57.32
61568	4	21.20	47.18
61824	4	27.34	36.58
62080	4	24.16	41.39
62336	4	21.46	46.60
62592	4	19.17	52.17
62848	4	18.17	55.05
63104	4	20.57	48.62
63360	4	25.83	38.71
63616	4	27.70	36.10
63872	4	28.07	35.63
64128	4	15.72	63.63
64384	4	14.47	69.11
64640	4	17.80	56.17
64896	4	13.01	76.88
65152	4	20.76	48.17
65408	4	21.55	46.41
128	8	0.01	71199.72
384	8	0.02	46849.38
640	8	0.04	27593.82
896	8	0.16	6283.58
1152	8	0.29	3439.85
1408	8	0.47	2111.00
1664	8	0.51	1951.12
1920	8	0.65	1547.40
2176	8	0.60	1669.53
2432	8	0.74	1352.74
2688	8	0.62	1618.70
2944	8	0.90	1107.24
3200	8	0.90	1105.52
3456	8	0.29	3463.62
3712	8	1.09	917.79
3968	8	0.99	1008.47
4224	8	1.07	932.04
4480	8	1.20	829.93
4736	8	1.42	704.19
4992	8	1.35	740.50
5248	8	1.38	723.30
5504	8	1.76	567.98
5760	8	1.76	566.61
6016	8	2.43	411.48
6272	8	2.23	447.98
6528	8	1.88	530.73
6784	8	2.25	443.90
7040	8	2.67	374.27
7296	8	0.59	1690.66
7552	8	0.59	1705.32
7808	8	0.58	1729.03
8064	8	0.62	1615.80
8320	8	0.65	1549.08
8576	8	2.64	378.25
8832	8	0.69	1451.73
9088	8	0.69	1442.77
9344	8	0.72	1386.31
9600	8	4.31	231.85
9856	8	3.09	323.94
10112	8	0.77	1304.69
10368	8	6.33	157.86
10624	8	5.01	199.63
10880	8	5.46	183.17
11136	8	4.29	233.07
11392	8	0.83	1204.81
11648	8	0.85	1182.78
11904	8	0.90	1105.75
12160	8	0.94	1068.66
12416	8	5.66	176.70
12672	8	7.71	129.65
12928	8	6.12	163.40
13184	8	4.95	202.00
13440	8	6.85	146.02
13696	8	1.03	970.24
13952	8	4.85	206.00
14208	8	8.49	117.81
14464	8	4.71	212.31
14720	8	4.96	201.64
14976	8	5.81	172.08
15232	8	5.54	180.64
15488	8	4.67	214.12
15744	8	5.21	191.93
16000	8	5.30	188.80
16256	8	5.92	168.96
16512	8	7.28	137.31
16768	8	1.27	787.86
17024	8	1.30	767.09
17280	8	1.33	752.41
17536	8	10.37	96.43
17792	8	8.14	122.88
18048	8	9.55	104.67
18304	8	10.37	96.48
18560	8	9.41	106.26
18816	8	8.20	122.01
19072	8	6.56	152.51
19328	8	8.80	113.68
19584	8	7.41	134.89
19840	8	12.97	77.12
20096	8	8.84	113.06
20352	8	7.10	140.84
20608	8	11.08	90.27
20864	8	7.72	129.47
21120	8	11.40	87.68
21376	8	1.59	627.34
21632	8	11.86	84.35
21888	8	1.65	606.09
22144	8	1.59	629.79
22400	8	12.54	79.77
22656	8	10.32	96.94
22912	8	8.27	120.91
23168	8	7.76	128.84
23424	8	7.61	131.39
23680	8	12.08	82.79
23936	8	12.38	80.76
24192	8	1.80	555.29
24448	8	13.97	71.58
24704	8	1.91	522.80
24960	8	1.93	519.10
25216	8	1.93	518.18
25472	8	1.98	504.69
25728	8	2.02	493.92
25984	8	2.04	490.22
26240	8	11.52	86.84
26496	8	14.23	70.29
26752	8	14.96	66.82
27008	8	13.06	76.58
27264	8	12.31	81.24
27520	8	12.94	77.26
27776	8	11.13	89.89
28032	8	5.15	194.22
28288	8	2.17	460.43
28544	8	2.24	446.70
28800	8	2.22	451.06
29056	8	2.23	447.50
29312	8	2.26	442.58
29568	8	2.27	440.08
29824	8	2.34	427.79
30080	8	2.32	431.94
30336	8	2.42	413.40
30592	8	2.37	421.16
30848	8	2.36	423.48
31104	8	16.63	60.15
31360	8	12.83	77.92
31616	8	14.28	70.03
31872	8	11.18	89.42
32128	8	23.07	43.34
32384	8	17.33	57.69
32640	8	13.91	71.91
32896	8	4.85	206.14
33152	8	2.49	401.86
33408	8	2.52	397.31
33664	8	2.55	392.17
33920	8	2.57	389.52
34176	8	2.56	391.30
34432	8	2.59	385.82
34688	8	2.66	375.88
34944	8	5.07	197.15
35200	8	16.83	59.43
35456	8	14.02	71.31
35712	8	9.04	110.61
35968	8	2.71	369.15
36224	8	25.39	39.38
36480	8	20.17	49.59
36736	8	33.83	29.56
36992	8	2.86	350.13
37248	8	2.85	351.49
37504	8	2.93	341.42
37760	8	2.88	346.79
38016	8	2.97	336.63
38272	8	2.96	338.02
38528	8	2.98	335.78
38784	8	3.03	330.31
39040	8	26.12	38.29
39296	8	31.97	31.28
39552	8	32.89	30.41
39808	8	18.56	53.89
40064	8	24.06	41.56
40320	8	3.13	319.60
40576	8	3.11	321.87
40832	8	22.25	44.95
41088	8	21.09	47.41
41344	8	3.04	328.55
41600	8	18.85	53.04
41856	8	9.62	103.95
42112	8	17.98	55.61
42368	8	3.20	312.21
42624	8	3.12	320.55
42880	8	3.27	305.95
43136	8	3.24	308.99
43392	8	16.84	59.38
43648	8	29.86	33.49
43904	8	22.04	45.38
44160	8	17.17	58.24
44416	8	44.68	22.38
44672	8	4.08	244.88
44928	8	3.31	301.70
45184	8	3.39	295.17
45440	8	24.12	41.46
45696	8	5.53	180.72
45952	8	3.47	288.59
46208	8	3.54	282.36
46464	8	3.50	285.87
46720	8	3.55	281.68
46976	8	3.56	280.65
47232	8	3.61	276.71
47488	8	3.57	280.32
47744	8	29.34	34.08
48000	8	32.04	31.21
48256	8	28.31	35.32
48512	8	22.85	43.77
48768	8	3.73	267.95
49024	8	19.14	52.24
49280	8	19.50	51.29
49536	8	21.64	46.22
49792	8	24.03	41.61
50048	8	18.85	53.06
50304	8	3.79	264.20
50560	8	3.91	255.83
50816	8	3.75	266.96
51072	8	3.79	263.65
51328	8	3.80	263.04
51584	8	3.83	261.00
51840	8	3.86	259.29
52096	8	24.97	40.04
52352	8	33.20	30.12
52608	8	26.55	37.67
52864	8	5.11	195.80
53120	8	29.27	34.16
53376	8	3.97	251.66
53632	8	3.93	254.23
53888	8	3.83	260.95
54144	8	3.88	257.59
54400	8	3.89	257.08
54656	8	3.89	256.91
54912	8	3.91	255.71
55168	8	14.22	70.33
55424	8	4.22	237.02
55680	8	4.47	223.85
55936	8	4.63	216.19
56192	8	4.52	221.02
56448	8	4.44	225.31
56704	8	9.61	104.06
56960	8	27.45	36.43
57216	8	32.38	30.88
57472	8	37.50	26.66
57728	8	26.15	38.24
57984	8	36.00	27.78
58240	8	33.31	30.02
58496	8	4.38	228.54
58752	8	21.34	46.86
59008	8	63.01	15.87
59264	8	39.92	25.05
59520	8	35.37	28.27
59776	8	4.52	221.26
60032	8	26.10	38.32
60288	8	34.47	29.01
60544	8	48.97	20.42
60800	8	24.65	40.57
61056	8	4.54	220.09
61312	8	4.60	217.34
61568	8	4.59	217.91
61824	8	4.68	213.88
62080	8	4.67	214.18
62336	8	9.67	103.46
62592	8	48.83	20.48
62848	8	26.55	37.66
63104	8	13.33	75.05
63360	8	4.87	205.40
63616	8	40.09	24.94
63872	8	43.75	22.86
64128	8	4.69	213.07
64384	8	4.69	213.42
64640	8	4.76	210.04
64896	8	4.76	210.28
65152	8	18.22	54.90
65408	8	4.75	210.65
128	12	0.01	115606.94
384	12	0.04	27631.94
640	12	0.04	22688.60
896	12	0.36	2775.93
1152	12	0.10	10404.74
1408	12	0.41	2455.92
1664	12	0.14	6921.13
1920	12	0.83	1203.88
2176	12	0.17	5765.85
2432	12	0.21	4713.87
2688	12	1.05	950.76
2944	12	1.31	765.34
3200	12	1.68	594.39
3456	12	0.30	3365.87
3712	12	1.44	695.64
3968	12	0.34	2909.73
4224	12	0.39	2577.22
4480	12	0.41	2435.34
4736	12	0.42	2394.66
4992	12	0.45	2216.88
5248	12	0.49	2027.95
5504	12	0.50	1990.74
5760	12	0.53	1897.50
6016	12	0.56	1795.33
6272	12	0.56	1778.47
6528	12	0.60	1665.35
6784	12	0.61	1643.95
7040	12	0.65	1546.28
7296	12	0.65	1532.64
7552	12	0.67	1503.40
7808	12	0.70	1434.37
8064	12	0.74	1356.13
8320	12	0.76	1323.18
8576	12	4.22	237.13
8832	12	4.65	215.15
9088	12	0.83	1204.09
9344	12	4.58	218.43
9600	12	5.18	192.98
9856	12	4.63	215.80
10112	12	4.27	234.34
10368	12	5.82	171.78
10624	12	0.95	1052.50
10880	12	0.98	1025.12
11136	12	6.03	165.94
11392	12	6.64	150.52
11648	12	6.93	144.35
11904	12	9.23	108.34
12160	12	6.75	148.15
12416	12	1.10	906.44
12672	12	1.09	920.85
12928	12	1.11	904.23
13184	12	1.13	883.46
13440	12	1.20	831.19
13696	12	1.16	861.33
13952	12	1.22	818.90
14208	12	1.23	814.58
14464	12	1.22	819.34
14720	12	1.25	802.23
14976	12	1.33	752.65
15232	12	1.33	754.06
15488	12	1.38	722.44
15744	12	1.45	690.88
16000	12	1.44	696.16
16256	12	1.50	668.87
16512	12	1.48	677.84
16768	12	1.51	664.15
17024	12	1.52	655.74
17280	12	1.60	626.41
17536	12	10.55	94.79
17792	12	1.64	608.83
18048	12	1.68	594.74
18304	12	1.69	592.27
18560	12	1.67	597.74
18816	12	1.68	595.42
19072	12	1.74	573.36
19328	12	1.76	568.26
19584	12	1.76	568.56
19840	12	1.80	555.24
20096	12	1.79	559.19
20352	12	11.55	86.60
20608	12	16.61	60.20
20864	12	1.74	574.54
21120	12	1.82	549.45
21376	12	1.79	559.16
21632	12	1.86	537.87
21888	12	1.85	539.84
22144	12	1.89	530.25
22400	12	1.83	546.23
22656	12	1.90	527.46
22912	12	6.17	162.04
23168	12	14.55	68.73
23424	12	11.87	84.28
23680	12	17.17	58.23
23936	12	2.12	472.12
24192	12	14.78	67.64
24448	12	18.33	54.54
24704	12	22.42	44.61
24960	12	2.18	458.91
25216	12	2.25	445.35
25472	12	2.24	445.93
25728	12	2.30	435.23
25984	12	2.31	432.92
26240	12	15.94	62.75
26496	12	17.92	55.80
26752	12	5.52	181.06
27008	12	15.13	66.10
27264	12	2.46	407.12
27520	12	21.61	46.28
27776	12	2.55	392.23
28032	12	24.17	41.37
28288	12	13.51	74.01
28544	12	2.60	384.68
28800	12	19.26	51.91
29056	12	19.33	51.73
29312	12	24.53	40.76
29568	12	20.16	49.61
29824	12	2.67	374.30
30080	12	2.66	376.21
30336	12	2.62	381.23
30592	12	2.61	383.14
30848	12	2.70	369.73
31104	12	2.79	358.56
31360	12	2.76	362.25
31616	12	11.62	86.06
31872	12	15.05	66.42
32128	12	17.94	55.73
32384	12	2.86	349.36
32640	12	2.87	348.04
32896	12	33.97	29.44
33152	12	2.97	337.13
33408	12	2.99	334.05
33664	12	20.13	49.67
33920	12	11.82	84.63
34176	12	2.97	337.09
34432	12	2.97	336.77
34688	12	25.48	39.25
34944	12	3.07	325.56
35200	12	3.04	329.30
35456	12	3.08	324.49
35712	12	3.07	325.74
35968	12	3.07	325.63
36224	12	3.14	318.12
36480	12	3.15	317.44
36736	12	3.18	314.86
36992	12	24.12	41.46
37248	12	25.74	38.85
37504	12	3.34	299.49
37760	12	3.43	291.93
38016	12	3.59	278.29
38272	12	3.37	296.64
38528	12	3.39	295.41
38784	12	3.42	292.14
39040	12	3.49	286.83
39296	12	27.77	36.01
39552	12	18.89	52.94
39808	12	3.44	290.50
40064	12	3.46	288.62
40320	12	3.42	292.21
40576	12	3.45	290.06
40832	12	3.52	284.02
41088	12	3.49	286.35
41344	12	3.56	280.55
41600	12	45.40	22.03
41856	12	3.84	260.65
42112	12	3.79	263.56
42368	12	3.74	267.12
42624	12	3.88	257.64
42880	12	21.81	45.86
43136	12	43.01	23.25
43392	12	19.48	51.34
43648	12	3.83	261.07
43904	12	32.71	30.57
44160	12	4.08	245.26
44416	12	4.02	248.86
44672	12	4.07	245.96
44928	12	4.05	246.75
45184	12	6.63	150.88
45440	12	4.04	247.66
45696	12	4.10	243.95
45952	12	4.15	240.97
46208	12	4.08	245.16
46464	12	4.12	242.65
46720	12	9.47	105.57
46976	12	4.07	245.51
47232	12	4.05	246.75
47488	12	4.10	243.98
47744	12	4.12	242.87
48000	12	4.18	239.34
48256	12	4.16	240.55
48512	12	4.25	235.39
48768	12	4.28	233.76
49024	12	4.24	235.64
49280	12	4.26	234.59
49536	12	21.17	47.23
49792	12	4.31	232.13
50048	12	4.41	227.01
50304	12	4.46	224.39
50560	12	4.76	210.10
50816	12	4.49	222.52
51072	12	4.43	225.64
51328	12	4.68	213.49
51584	12	4.77	209.72
51840	12	4.75	210.32
52096	12	4.63	215.99
52352	12	51.35	19.48
52608	12	42.45	23.55
52864	12	18.93	52.84
53120	12	30.29	33.01
53376	12	4.63	215.88
53632	12	4.63	215.94
53888	12	4.91	203.71
54144	12	4.93	202.76
54400	12	5.06	197.65
54656	12	5.00	199.94
54912	12	5.02	199.07
55168	12	5.01	199.67
55424	12	51.52	19.41
55680	12	4.71	212.17
55936	12	4.71	212.52
56192	12	4.76	210.29
56448	12	4.79	208.56
56704	12	4.82	207.50
56960	12	4.71	212.28
57216	12	4.66	214.60
57472	12	4.78	209.29
57728	12	4.68	213.58
57984	12	24.17	41.37
58240	12	5.09	196.45
58496	12	5.17	193.55
58752	12	5.29	189.06
59008	12	5.22	191.63
59264	12	14.27	70.08
59520	12	5.34	187.32
59776	12	5.36	186.62
60032	12	5.42	184.53
60288	12	5.51	181.58
60544	12	5.56	179.72
60800	12	5.15	194.08
61056	12	5.10	195.90
61312	12	5.11	195.76
61568	12	5.17	193.24
61824	12	5.35	186.85
62080	12	5.35	186.94
62336	12	49.36	20.26
62592	12	5.50	181.74
62848	12	5.58	179.15
63104	12	5.59	178.90
63360	12	5.46	183.09
63616	12	5.61	178.32
63872	12	5.69	175.88
64128	12	5.72	174.73
64384	12	5.71	175.10
64640	12	5.71	175.22
64896	12	5.73	174.48
65152	12	5.73	174.64
65408	12	5.74	174.18
128	16	0.02	62111.80
384	16	0.03	29321.21
640	16	0.06	18061.95
896	16	0.08	11941.72
1152	16	0.12	8463.46
1408	16	0.14	7312.08
1664	16	0.17	5877.86
1920	16	0.19	5382.57
2176	16	0.22	4500.55
2432	16	0.24	4157.74
2688	16	0.26	3852.82
2944	16	0.33	3016.59
3200	16	2.34	426.48
3456	16	2.26	441.96
3712	16	0.38	2646.94
3968	16	0.40	2507.52
4224	16	2.93	341.17
4480	16	2.94	340.14
4736	16	2.74	365.47
4992	16	0.54	1868.95
5248	16	0.55	1821.24
5504	16	0.62	1623.71
5760	16	0.60	1661.10
6016	16	0.62	1614.47
6272	16	0.64	1567.67
6528	16	0.70	1438.11
6784	16	0.76	1311.28
7040	16	0.75	1328.15
7296	16	0.73	1371.47
7552	16	0.78	1287.97
7808	16	0.80	1254.25
8064	16	0.83	1211.91
8320	16	0.86	1166.30
8576	16	0.86	1157.21
8832	16	0.91	1094.16
9088	16	0.95	1050.59
9344	16	0.98	1023.32
9600	16	0.99	1011.45
9856	16	1.03	971.38
10112	16	1.05	950.42
10368	16	1.06	940.61
10624	16	1.07	932.38
10880	16	1.14	878.48
11136	16	1.14	873.64
11392	16	1.17	853.34
11648	16	1.18	844.87
11904	16	1.22	817.28
12160	16	8.75	114.27
12416	16	1.28	779.61
12672	16	1.32	756.54
12928	16	11.64	85.90
13184	16	1.30	768.17
13440	16	1.36	735.80
13696	16	1.39	721.95
13952	16	1.40	716.07
14208	16	1.42	702.94
14464	16	1.47	679.57
14720	16	1.46	683.64
14976	16	1.51	664.30
15232	16	1.50	664.98
15488	16	1.52	656.46
15744	16	1.53	655.18
16000	16	1.59	629.16
16256	16	1.69	591.06
16512	16	11.79	84.85
16768	16	1.71	583.82
17024	16	1.76	569.59
17280	16	1.77	563.62
17536	16	12.31	81.25
17792	16	1.79	559.02
18048	16	1.83	545.91
18304	16	1.96	509.00
18560	16	1.91	522.49
18816	16	1.94	514.48
19072	16	1.95	512.85
19328	16	1.98	505.35
19584	16	2.10	476.29
19840	16	8.57	116.70
20096	16	2.06	484.35
20352	16	17.26	57.93
20608	16	2.08	481.51
20864	16	2.14	467.33
21120	16	2.21	451.79
21376	16	2.19	456.59
21632	16	2.13	469.88
21888	16	2.17	461.70
22144	16	2.19	457.08
22400	16	2.25	445.36
22656	16	2.29	436.54
22912	16	2.31	433.25
23168	16	2.35	426.42
23424	16	2.46	405.78
23680	16	2.40	416.87
23936	16	2.32	430.79
24192	16	2.36	423.84
24448	16	2.42	413.36
24704	16	2.43	411.16
24960	16	2.50	399.57
25216	16	2.57	388.60
25472	16	2.55	391.71
25728	16	2.57	389.05
25984	16	2.55	391.65
26240	16	2.45	407.69
26496	16	2.54	393.24
26752	16	2.49	401.16
27008	16	2.48	402.45
27264	16	2.54	393.60
27520	16	2.53	394.52
27776	16	2.63	379.58
28032	16	2.76	361.92
28288	16	2.81	356.06
28544	16	36.61	27.32
28800	16	2.87	348.67
29056	16	2.96	338.24
29312	16	31.00	32.26
29568	16	3.06	326.92
29824	16	3.07	325.41
30080	16	3.07	325.89
30336	16	3.13	319.48
30592	16	3.14	318.47
30848	16	3.13	319.53
31104	16	3.16	316.90
31360	16	3.25	308.16
31616	16	3.13	319.68
31872	16	3.03	329.50
32128	16	3.13	319.78
32384	16	3.05	327.85
32640	16	3.07	325.28
32896	16	3.12	320.79
33152	16	3.19	313.34
33408	16	3.20	312.43
33664	16	3.32	300.91
33920	16	3.42	292.66
34176	16	3.41	293.09
34432	16	21.33	46.89
34688	16	3.55	281.49
34944	16	3.50	285.76
35200	16	3.52	284.04
35456	16	3.52	283.75
35712	16	3.60	277.92
35968	16	3.58	279.68
36224	16	3.63	275.73
36480	16	3.72	268.79
36736	16	3.76	266.09
36992	16	3.74	267.27
37248	16	3.77	264.92
37504	16	3.80	263.22
37760	16	3.88	258.04
38016	16	3.85	259.78
38272	16	3.90	256.17
38528	16	8.51	117.57
38784	16	3.68	271.84
39040	16	3.75	266.64
39296	16	3.75	266.67
39552	16	3.82	261.67
39808	16	17.78	56.24
40064	16	3.96	252.77
40320	16	3.89	257.27
40576	16	4.11	243.54
40832	16	4.07	245.83
41088	16	4.06	246.03
41344	16	4.12	242.55
41600	16	4.08	244.84
41856	16	48.29	20.71
42112	16	43.93	22.76
42368	16	4.16	240.63
42624	16	4.21	237.78
42880	16	4.28	233.74
43136	16	4.36	229.53
43392	16	4.43	225.89
43648	16	4.40	227.35
43904	16	4.19	238.80
44160	16	4.21	237.33
44416	16	4.22	237.18
44672	16	4.29	233.34
44928	16	4.34	230.27
45184	16	4.33	231.18
45440	16	4.33	230.79
45696	16	4.65	214.94
45952	16	4.69	213.02
46208	16	4.70	212.87
46464	16	4.69	213.04
46720	16	4.74	210.92
46976	16	4.69	213.02
47232	16	4.81	208.07
47488	16	4.92	203.08
47744	16	4.84	206.47
48000	16	4.92	203.11
48256	16	4.91	203.66
48512	16	5.01	199.44
48768	16	50.21	19.92
49024	16	4.95	202.06
49280	16	5.01	199.80
49536	16	5.05	198.04
49792	16	5.01	199.72
50048	16	5.04	198.53
50304	16	5.03	198.76
50560	16	4.91	203.73
50816	16	5.07	197.38
51072	16	5.01	199.45
51328	16	5.02	199.07
51584	16	4.89	204.68
51840	16	5.09	196.41
52096	16	5.21	191.99
52352	16	5.25	190.34
52608	16	5.31	188.27
52864	16	5.32	188.12
53120	16	5.36	186.65
53376	16	5.44	183.91
53632	16	5.38	185.73
53888	16	5.47	182.97
54144	16	5.54	180.62
54400	16	5.42	184.62
54656	16	5.40	185.14
54912	16	48.20	20.75
55168	16	5.46	183.10
55424	16	5.51	181.44
55680	16	5.58	179.27
55936	16	5.59	178.82
56192	16	5.63	177.50
56448	16	5.56	179.82
56704	16	5.64	177.35
56960	16	5.72	174.78
57216	16	5.81	172.24
57472	16	21.64	46.20
57728	16	37.69	26.53
57984	16	5.79	172.61
58240	16	5.88	170.15
58496	16	5.91	169.26
58752	16	5.97	167.60
59008	16	5.93	168.69
59264	16	5.90	169.36
59520	16	6.09	164.11
59776	16	6.09	164.08
60032	16	6.13	163.05
60288	16	6.08	164.40
60544	16	6.13	163.10
60800	16	6.19	161.66
61056	16	44.30	22.57
61312	16	5.67	176.50
61568	16	5.77	173.19
61824	16	5.77	173.35
62080	16	5.82	171.80
62336	16	5.75	173.98
62592	16	6.22	160.74
62848	16	6.29	158.93
63104	16	6.24	160.30
63360	16	26.02	38.43
63616	16	6.43	155.61
63872	16	6.49	153.98
64128	16	6.42	155.71
64384	16	6.33	157.94
64640	16	6.37	156.93
64896	16	6.29	159.09
65152	16	6.46	154.82
65408	16	6.41	156.13
128	20	0.01	83752.09
384	20	0.04	27114.97
640	20	0.06	15682.58
896	20	0.09	10996.26
1152	20	0.14	7226.22
1408	20	0.15	6715.92
1664	20	0.20	5079.24
1920	20	0.21	4703.56
2176	20	0.24	4247.01
2432	20	0.28	3593.70
2688	20	0.32	3141.44
2944	20	0.34	2918.43
3200	20	0.36	2796.03
3456	20	0.40	2528.09
3712	20	0.42	2378.77
3968	20	0.45	2245.90
4224	20	0.48	2070.44
4480	20	0.51	1942.09
4736	20	0.54	1862.27
4992	20	0.60	1652.89
5248	20	0.62	1607.98
5504	20	0.65	1544.32
5760	20	0.67	1495.65
6016	20	0.68	1466.18
6272	20	0.74	1360.18
6528	20	0.77	1297.13
6784	20	0.79	1273.61
7040	20	0.80	1246.72
7296	20	0.83	1201.39
7552	20	0.87	1143.69
7808	20	0.90	1106.46
8064	20	0.93	1070.15
8320	20	0.97	1028.64
8576	20	1.02	983.31
8832	20	1.04	964.54
9088	20	1.05	953.09
9344	20	1.07	934.12
9600	20	1.09	914.43
9856	20	1.12	890.85
10112	20	1.16	861.47
10368	20	1.20	833.33
10624	20	1.24	803.33
10880	20	1.24	806.00
11136	20	1.26	790.82
11392	20	1.27	787.31
11648	20	1.31	762.43
11904	20	1.36	735.88
12160	20	1.40	716.21
12416	20	1.43	699.90
12672	20	1.45	687.50
12928	20	1.49	671.38
13184	20	1.48	677.78
13440	20	1.50	668.89
13696	20	1.52	656.44
13952	20	1.69	591.79
14208	20	1.66	604.13
14464	20	1.67	598.05
14720	20	1.69	593.23
14976	20	1.73	578.93
15232	20	1.74	573.55
15488	20	1.76	567.48
15744	20	2.13	469.10
16000	20	1.80	554.93
16256	20	1.83	545.11
16512	20	1.91	523.30
16768	20	1.95	514.00
17024	20	2.10	477.26
17280	20	2.00	498.86
17536	20	2.02	495.24
17792	20	2.05	488.50
18048	20	2.09	477.56
18304	20	2.16	462.55
18560	20	2.06	484.39
18816	20	2.20	454.49
19072	20	2.15	464.54
19328	20	2.17	461.62
19584	20	2.14	468.05
19840	20	2.17	461.06
20096	20	2.33	429.77
20352	20	2.25	444.78
20608	20	2.29	436.42
20864	20	2.28	437.82
21120	20	2.32	430.41
21376	20	2.38	420.90
21632	20	2.42	413.68
21888	20	2.41	415.15
22144	20	2.55	392.37
22400	20	2.56	390.30
22656	20	2.53	395.59
22912	20	2.54	393.23
23168	20	2.56	390.89
23424	20	2.56	390.32
23680	20	2.55	391.98
23936	20	2.63	380.23
24192	20	2.60	385.21
24448	20	2.65	377.24
24704	20	2.65	377.79
24960	20	2.73	366.40
25216	20	2.80	357.26
25472	20	2.81	355.40
25728	20	2.94	339.81
25984	20	3.00	333.13
26240	20	3.05	327.54
26496	20	3.07	325.68
26752	20	3.03	330.55
27008	20	3.05	327.35
27264	20	3.09	323.27
27520	20	3.12	320.31
27776	20	3.03	330.03
28032	20	3.12	320.63
28288	20	3.14	318.85
28544	20	3.08	324.51
28800	20	3.14	318.02
29056	20	3.25	308.01
29312	20	3.31	302.42
29568	20	3.29	303.86
29824	20	3.37	296.61
30080	20	3.28	305.18
30336	20	3.35	298.45
30592	20	31.58	31.67
30848	20	3.48	287.23
31104	20	3.47	288.19
31360	20	3.46	289.11
31616	20	3.41	292.94
31872	20	3.47	288.10
32128	20	3.48	287.17
32384	20	3.67	272.49
32640	20	3.69	270.65
32896	20	3.72	268.60
33152	20	3.75	266.76
33408	20	3.78	264.66
33664	20	3.77	264.98
33920	20	4.05	246.79
34176	20	6.03	165.80
34432	20	4.02	248.87
34688	20	3.94	254.10
34944	20	4.02	248.52
35200	20	3.99	250.92
35456	20	4.02	248.77
35712	20	4.06	246.42
35968	20	4.07	245.89
36224	20	3.94	253.82
36480	20	4.02	248.74
36736	20	4.06	246.26
36992	20	4.20	237.90
37248	20	4.14	241.76
37504	20	4.20	238.28
37760	20	4.48	223.04
38016	20	4.20	238.00
38272	20	4.24	236.11
38528	20	4.28	233.55
38784	20	4.25	235.11
39040	20	4.32	231.61
39296	20	18.15	55.11
39552	20	4.50	222.11
39808	20	4.60	217.59
40064	20	4.64	215.50
40320	20	4.56	219.07
40576	20	4.57	218.83
40832	20	4.60	217.41
41088	20	4.58	218.40
41344	20	4.66	214.65
41600	20	4.59	218.03
41856	20	4.79	208.95
42112	20	4.73	211.30
42368	20	4.85	206.13
42624	20	4.90	204.04
42880	20	4.94	202.24
43136	20	4.92	203.44
43392	20	4.95	201.83
43648	20	4.90	203.98
43904	20	4.96	201.66
44160	20	4.96	201.56
44416	20	5.04	198.35
44672	20	5.05	197.92
44928	20	5.24	190.76
45184	20	5.11	195.88
45440	20	4.91	203.48
45696	20	5.06	197.67
45952	20	5.09	196.34
46208	20	5.13	194.88
46464	20	5.24	191.02
46720	20	5.33	187.45
46976	20	5.34	187.41
47232	20	5.50	181.67
47488	20	5.46	182.99
47744	20	5.43	184.20
48000	20	5.45	183.38
48256	20	5.40	185.23
48512	20	5.43	184.33
48768	20	5.44	183.77
49024	20	5.51	181.52
49280	20	5.51	181.58
49536	20	5.58	179.15
49792	20	5.65	177.02
50048	20	5.70	175.31
50304	20	5.66	176.64
50560	20	26.14	38.26
50816	20	5.73	174.58
51072	20	5.73	174.44
51328	20	5.71	174.98
51584	20	5.84	171.27
51840	20	5.77	173.37
52096	20	5.83	171.46
52352	20	5.79	172.83
52608	20	5.73	174.60
52864	20	5.89	169.83
53120	20	5.91	169.14
53376	20	6.06	164.96
53632	20	5.99	166.96
53888	20	6.07	164.84
54144	20	6.11	163.70
54400	20	6.07	164.73
54656	20	5.98	167.17
54912	20	5.82	171.75
55168	20	5.99	167.00
55424	20	6.06	164.94
55680	20	6.01	166.48
55936	20	12.88	77.62
56192	20	6.32	158.24
56448	20	6.37	156.96
56704	20	6.39	156.51
56960	20	6.38	156.76
57216	20	6.21	161.14
57472	20	6.18	161.70
57728	20	6.18	161.79
57984	20	6.43	155.40
58240	20	6.42	155.64
58496	20	6.30	158.67
58752	20	6.62	151.14
59008	20	6.63	150.81
59264	20	6.51	153.70
59520	20	6.53	153.24
59776	20	6.78	147.57
60032	20	6.76	148.03
60288	20	6.89	145.24
60544	20	6.91	144.76
60800	20	6.76	147.92
61056	20	6.65	150.41
61312	20	6.48	154.30
61568	20	6.51	153.71
61824	20	6.49	154.18
62080	20	6.50	153.90
62336	20	6.88	145.31
62592	20	7.26	137.67
62848	20	7.25	137.99
63104	20	7.23	138.30
63360	20	7.21	138.72
63616	20	7.48	133.65
63872	20	7.33	136.45
64128	20	7.25	137.92
64384	20	7.37	135.76
64640	20	16.40	60.96
64896	20	7.43	134.66
65152	20	7.39	135.29
65408	20	7.50	133.39
128	24	0.01	121359.22
384	24	0.04	23818.03
640	24	0.07	13906.27
896	24	0.10	9627.42
1152	24	0.15	6846.27
1408	24	0.17	6017.75
1664	24	0.20	4999.88
1920	24	0.24	4198.15
2176	24	0.26	3890.67
2432	24	0.30	3283.37
2688	24	0.41	2417.12
2944	24	0.43	2340.63
3200	24	0.41	2442.96
3456	24	0.46	2176.63
3712	24	0.49	2048.57
3968	24	0.50	2006.84
4224	24	0.54	1864.23
4480	24	0.55	1805.35
4736	24	0.60	1675.93
4992	24	0.64	1563.46
5248	24	0.67	1488.04
5504	24	0.69	1445.95
5760	24	0.74	1354.74
6016	24	0.76	1308.89
6272	24	0.79	1263.02
6528	24	0.85	1179.78
6784	24	0.83	1202.15
7040	24	0.90	1116.78
7296	24	0.99	1012.30
7552	24	1.04	961.63
7808	24	1.03	968.49
8064	24	1.07	932.32
8320	24	1.06	943.18
8576	24	1.09	918.52
8832	24	1.17	853.72
9088	24	1.15	870.29
9344	24	1.18	846.72
9600	24	1.22	820.35
9856	24	1.23	810.55
10112	24	1.28	782.63
10368	24	1.29	774.71
10624	24	1.33	752.34
10880	24	1.33	753.89
11136	24	1.39	720.43
11392	24	1.42	706.28
11648	24	1.43	697.64
11904	24	1.48	673.81
12160	24	1.51	660.87
12416	24	1.58	632.83
12672	24	1.58	631.21
12928	24	1.80	555.05
13184	24	1.63	612.60
13440	24	1.65	604.67
13696	24	1.75	571.53
13952	24	1.74	573.65
14208	24	1.71	584.73
14464	24	1.76	569.72
14720	24	1.74	575.89
14976	24	1.83	547.05
15232	24	1.85	539.45
15488	24	1.90	525.52
15744	24	1.96	511.24
16000	24	2.12	472.73
16256	24	2.02	495.47
16512	24	2.06	485.20
16768	24	2.09	478.44
17024	24	2.11	473.93
17280	24	2.12	472.31
17536	24	2.17	461.14
17792	24	2.14	467.65
18048	24	2.26	442.30
18304	24	2.29	436.95
18560	24	2.37	422.83
18816	24	2.42	414.05
19072	24	2.43	411.93
19328	24	2.39	418.13
19584	24	2.46	405.76
19840	24	2.49	401.07
20096	24	2.49	401.00
20352	24	2.43	410.74
20608	24	2.48	403.06
20864	24	2.53	395.74
21120	24	2.53	395.53
21376	24	2.56	390.46
21632	24	2.58	388.29
21888	24	2.67	374.79
22144	24	2.67	374.52
22400	24	2.75	363.28
22656	24	2.81	355.30
22912	24	2.72	368.32
23168	24	2.77	360.51
23424	24	2.83	353.43
23680	24	2.88	346.83
23936	24	2.91	343.60
24192	24	2.93	341.14
24448	24	3.01	331.94
24704	24	3.00	333.59
24960	24	3.01	332.17
25216	24	3.03	330.38
25472	24	3.10	322.26
25728	24	3.14	318.75
25984	24	3.15	317.33
26240	24	3.17	315.79
26496	24	3.23	309.27
26752	24	3.31	302.06
27008	24	3.37	297.07
27264	24	3.37	297.05
27520	24	3.40	294.04
27776	24	3.37	296.33
28032	24	3.49	286.76
28288	24	3.45	289.63
28544	24	3.41	293.37
28800	24	3.48	287.43
29056	24	3.51	285.30
29312	24	3.50	285.50
29568	24	3.59	278.76
29824	24	3.62	276.00
30080	24	3.57	280.42
30336	24	3.55	281.61
30592	24	3.57	280.16
30848	24	3.81	262.40
31104	24	3.67	272.22
31360	24	3.65	274.26
31616	24	3.69	270.98
31872	24	3.63	275.17
32128	24	3.68	271.78
32384	24	3.76	266.25
32640	24	3.86	259.24
32896	24	3.83	261.08
33152	24	3.81	262.64
33408	24	3.88	258.02
33664	24	3.95	253.34
33920	24	3.99	250.33
34176	24	4.18	239.35
34432	24	4.33	231.19
34688	24	4.26	234.53
34944	24	4.34	230.65
35200	24	4.43	225.55
35456	24	4.48	223.33
35712	24	4.49	222.91
35968	24	4.47	223.58
36224	24	4.38	228.32
36480	24	4.55	219.74
36736	24	4.57	218.64
36992	24	4.62	216.42
37248	24	4.61	216.91
37504	24	4.59	217.67
37760	24	4.62	216.42
38016	24	4.75	210.34
38272	24	4.71	212.49
38528	24	4.82	207.66
38784	24	4.89	204.33
39040	24	4.62	216.38
39296	24	4.69	213.38
39552	24	4.69	213.23
39808	24	4.71	212.18
40064	24	4.75	210.44
40320	24	4.77	209.56
40576	24	4.95	201.89
40832	24	4.96	201.47
41088	24	5.03	198.98
41344	24	5.00	200.17
41600	24	5.05	198.06
41856	24	5.13	194.84
42112	24	5.21	191.86
42368	24	5.29	188.96
42624	24	5.30	188.58
42880	24	5.25	190.34
43136	24	5.29	189.02
43392	24	5.44	183.70
43648	24	5.46	183.16
43904	24	5.38	186.00
44160	24	5.47	182.97
44416	24	5.48	182.45
44672	24	5.55	180.11
44928	24	5.54	180.36
45184	24	5.60	178.63
45440	24	5.73	174.56
45696	24	5.57	179.68
45952	24	5.58	179.21
46208	24	5.64	177.18
46464	24	5.50	181.86
46720	24	5.52	181.08
46976	24	5.65	176.94
47232	24	5.57	179.42
47488	24	5.57	179.45
47744	24	5.66	176.59
48000	24	5.95	167.97
48256	24	5.99	166.89
48512	24	6.03	165.75
48768	24	6.20	161.25
49024	24	6.14	162.76
49280	24	6.07	164.85
49536	24	6.05	165.31
49792	24	6.22	160.77
50048	24	6.18	161.92
50304	24	6.23	160.62
50560	24	6.14	162.77
50816	24	6.12	163.33
51072	24	6.13	163.14
51328	24	6.17	162.19
51584	24	6.15	162.55
51840	24	6.20	161.28
52096	24	6.36	157.19
52352	24	6.37	156.86
52608	24	6.40	156.27
52864	24	6.43	155.42
53120	24	6.46	154.72
53376	24	6.69	149.40
53632	24	6.81	146.82
53888	24	6.66	150.05
54144	24	6.71	149.10
54400	24	6.78	147.43
54656	24	6.77	147.80
54912	24	6.74	148.37
55168	24	6.83	146.47
55424	24	6.88	145.42
55680	24	6.86	145.75
55936	24	6.84	146.30
56192	24	6.86	145.77
56448	24	6.88	145.30
56704	24	6.91	144.71
56960	24	6.96	143.75
57216	24	7.17	139.45
57472	24	7.32	136.55
57728	24	7.31	136.88
57984	24	7.16	139.65
58240	24	7.22	138.58
58496	24	6.98	143.22
58752	24	6.94	144.05
59008	24	6.95	143.84
59264	24	7.06	141.62
59520	24	7.43	134.66
59776	24	7.39	135.24
60032	24	7.47	133.85
60288	24	7.49	133.46
60544	24	7.46	134.00
60800	24	7.43	134.53
61056	24	7.44	134.43
61312	24	7.48	133.73
61568	24	7.60	131.64
61824	24	7.52	133.02
62080	24	7.62	131.22
62336	24	7.70	129.89
62592	24	7.74	129.26
62848	24	7.84	127.54
63104	24	7.68	130.24
63360	24	7.75	129.00
63616	24	7.75	128.98
63872	24	7.79	128.31
64128	24	7.79	128.36
64384	24	7.74	129.21
64640	24	7.79	128.41
64896	24	7.89	126.73
65152	24	7.88	126.85
65408	24	8.11	123.31
128	28	0.01	68376.07
384	28	0.05	21290.19
640	28	0.08	12426.99
896	28	0.12	8507.74
1152	28	0.15	6584.36
1408	28	0.20	5109.73
1664	28	0.30	3327.62
1920	28	0.26	3897.27
2176	28	0.30	3357.06
2432	28	0.34	2942.34
2688	28	0.37	2722.13
2944	28	0.42	2375.41
3200	28	0.45	2239.84
3456	28	0.47	2144.80
3712	28	0.51	1972.31
3968	28	0.54	1852.92
4224	28	0.57	1747.81
4480	28	0.61	1630.95
4736	28	0.65	1544.46
4992	28	0.68	1479.41
5248	28	0.70	1423.21
5504	28	0.73	1372.68
5760	28	0.77	1293.33
6016	28	0.80	1246.84
6272	28	0.85	1172.04
6528	28	0.89	1126.79
6784	28	0.95	1048.01
7040	28	0.95	1049.43
7296	28	0.99	1012.23
7552	28	1.03	970.19
7808	28	1.06	941.27
8064	28	1.11	898.93
8320	28	1.12	890.19
8576	28	1.18	844.69
8832	28	1.21	823.28
9088	28	1.26	793.70
9344	28	1.27	785.59
9600	28	1.27	785.63
9856	28	1.33	752.99
10112	28	1.38	726.06
10368	28	1.38	722.96
10624	28	1.45	689.54
10880	28	1.46	685.66
11136	28	1.54	651.02
11392	28	1.53	653.85
11648	28	1.57	636.04
11904	28	1.58	633.83
12160	28	1.64	608.12
12416	28	1.67	597.29
12672	28	1.71	584.03
12928	28	1.75	572.90
13184	28	1.76	569.06
13440	28	1.80	555.91
13696	28	1.86	536.93
13952	28	1.85	540.81
14208	28	1.89	528.91
14464	28	1.90	527.27
14720	28	1.92	521.33
14976	28	2.02	494.59
15232	28	2.05	486.96
15488	28	2.07	483.52
15744	28	2.08	481.88
16000	28	2.11	473.42
16256	28	2.14	467.40
16512	28	2.22	450.97
16768	28	2.25	445.33
17024	28	2.28	438.55
17280	28	2.34	427.79
17536	28	2.35	426.29
17792	28	2.37	421.85
18048	28	2.44	410.45
18304	28	2.46	406.01
18560	28	2.59	385.69
18816	28	2.51	398.90
19072	28	2.56	390.21
19328	28	3.16	316.64
19584	28	2.67	374.99
19840	28	2.68	372.94
20096	28	2.73	365.84
20352	28	2.71	369.59
20608	28	2.77	360.71
20864	28	2.84	352.26
21120	28	2.86	349.34
21376	28	2.89	345.43
21632	28	2.97	336.67
21888	28	2.96	338.09
22144	28	3.16	316.88
22400	28	3.13	319.21
22656	28	3.10	322.99
22912	28	3.09	323.40
23168	28	3.14	318.41
23424	28	3.15	317.26
23680	28	3.18	314.12
23936	28	3.24	308.83
24192	28	3.32	300.96
24448	28	3.31	302.26
24704	28	3.37	296.82
24960	28	3.63	275.56
25216	28	3.32	300.80
25472	28	3.37	296.39
25728	28	3.45	289.86
25984	28	3.49	286.62
26240	28	3.45	289.71
26496	28	3.48	287.55
26752	28	3.51	284.84
27008	28	3.56	281.25
27264	28	3.76	266.24
27520	28	3.75	266.91
27776	28	3.82	261.79
28032	28	3.81	262.29
28288	28	3.91	255.75
28544	28	3.90	256.41
28800	28	3.93	254.55
29056	28	3.93	254.53
29312	28	3.97	251.73
29568	28	3.91	255.67
29824	28	4.06	246.18
30080	28	4.11	243.60
30336	28	4.13	242.17
30592	28	4.09	244.22
30848	28	4.08	245.32
31104	28	4.19	238.72
31360	28	4.23	236.46
31616	28	4.20	237.95
31872	28	4.20	238.20
32128	28	4.25	235.39
32384	28	4.34	230.26
32640	28	4.44	225.05
32896	28	4.41	226.93
33152	28	4.48	223.08
33408	28	4.51	221.63
33664	28	4.58	218.57
33920	28	4.64	215.67
34176	28	4.49	222.76
34432	28	4.53	220.97
34688	28	4.92	203.25
34944	28	4.73	211.32
35200	28	4.95	202.02
35456	28	4.80	208.33
35712	28	4.93	202.74
35968	28	4.79	208.92
36224	28	4.88	204.86
36480	28	4.90	203.94
36736	28	4.88	204.85
36992	28	4.95	201.98
37248	28	5.07	197.42
37504	28	5.23	191.37
37760	28	5.13	194.76
38016	28	5.15	194.24
38272	28	5.20	192.22
38528	28	5.23	191.20
38784	28	5.24	190.92
39040	28	5.19	192.81
39296	28	5.25	190.34
39552	28	5.33	187.71
39808	28	5.39	185.56
40064	28	5.42	184.39
40320	28	5.34	187.32
40576	28	5.37	186.23
40832	28	5.65	177.12
41088	28	5.54	180.59
41344	28	5.59	178.88
41600	28	5.64	177.42
41856	28	5.77	173.28
42112	28	5.59	178.90
42368	28	5.59	179.03
42624	28	5.63	177.70
42880	28	5.64	177.38
43136	28	6.01	166.44
43392	28	5.97	167.49
43648	28	6.20	161.23
43904	28	6.03	165.93
44160	28	6.21	160.96
44416	28	6.01	166.29
44672	28	5.97	167.50
44928	28	6.15	162.48
45184	28	6.08	164.47
45440	28	6.06	165.00
45696	28	6.09	164.26
45952	28	6.09	164.23
46208	28	6.14	162.99
46464	28	6.26	159.80
46720	28	6.35	157.50
46976	28	6.41	155.98
47232	28	6.46	154.79
47488	28	6.58	151.94
47744	28	6.52	153.28
48000	28	6.59	151.69
48256	28	6.56	152.37
48512	28	6.58	151.91
48768	28	6.48	154.23
49024	28	6.58	151.89
49280	28	6.57	152.29
49536	28	6.57	152.26
49792	28	6.69	149.46
50048	28	6.81	146.82
50304	28	6.82	146.57
50560	28	6.83	146.50
50816	28	6.94	144.05
51072	28	6.90	144.88
51328	28	6.94	144.16
51584	28	6.95	143.94
51840	28	6.95	143.98
52096	28	6.99	143.13
52352	28	7.22	138.54
52608	28	7.30	136.97
52864	28	8.05	124.19
53120	28	7.29	137.15
53376	28	7.20	138.84
53632	28	7.33	136.36
53888	28	7.21	138.75
54144	28	7.51	133.16
54400	28	7.29	137.26
54656	28	7.32	136.70
54912	28	7.51	133.17
55168	28	7.44	134.34
55424	28	7.40	135.22
55680	28	7.38	135.49
55936	28	7.37	135.77
56192	28	7.40	135.09
56448	28	7.56	132.32
56704	28	7.63	131.10
56960	28	7.56	132.35
57216	28	7.65	130.70
57472	28	7.69	130.05
57728	28	7.82	127.87
57984	28	7.86	127.19
58240	28	8.02	124.68
58496	28	8.13	122.99
58752	28	8.09	123.60
59008	28	8.19	122.15
59264	28	8.04	124.40
59520	28	7.87	127.02
59776	28	7.89	126.82
60032	28	8.00	125.02
60288	28	8.07	123.96
60544	28	8.13	122.93
60800	28	8.18	122.18
61056	28	8.32	120.26
61312	28	8.26	121.12
61568	28	8.09	123.61
61824	28	8.09	123.58
62080	28	8.22	121.60
62336	28	8.30	120.41
62592	28	8.36	119.69
62848	28	8.47	118.09
63104	28	8.52	117.41
63360	28	8.55	116.91
63616	28	8.47	118.09
63872	28	8.56	116.81
64128	28	8.45	118.29
64384	28	8.53	117.28
64640	28	8.58	116.50
64896	28	8.64	115.80
65152	28	8.70	114.89
65408	28	8.67	115.40
128	32	0.01	99950.02
384	32	0.05	19062.14
640	32	0.09	11049.72
896	32	0.13	7721.71
1152	32	0.17	5978.89
1408	32	0.20	4937.42
1664	32	0.25	4076.06
1920	32	0.29	3504.35
2176	32	0.35	2894.90
2432	32	0.36	2778.97
2688	32	0.41	2426.77
2944	32	0.45	2228.29
3200	32	0.47	2119.92
3456	32	0.52	1911.68
3712	32	0.56	1800.20
3968	32	0.60	1672.84
4224	32	0.63	1585.13
4480	32	0.67	1485.34
4736	32	0.71	1402.11
4992	32	0.73	1374.44
5248	32	0.78	1281.30
5504	32	0.80	1254.52
5760	32	0.85	1171.23
6016	32	0.89	1122.52
6272	32	0.92	1087.92
6528	32	0.97	1033.63
6784	32	1.00	1002.83
7040	32	1.04	963.82
7296	32	1.06	944.28
7552	32	1.09	913.51
7808	32	1.13	883.99
8064	32	1.22	817.69
8320	32	1.23	814.29
8576	32	1.26	791.50
8832	32	1.29	776.97
9088	32	1.33	749.22
9344	32	1.39	718.33
9600	32	1.42	703.20
9856	32	1.47	678.40
10112	32	1.50	666.51
10368	32	1.54	649.89
10624	32	1.58	633.80
10880	32	1.60	624.86
11136	32	1.65	604.96
11392	32	1.65	606.38
11648	32	1.72	581.60
11904	32	1.74	573.76
12160	32	1.74	574.35
12416	32	1.82	550.50
12672	32	1.86	537.82
12928	32	1.96	510.23
13184	32	1.91	522.32
13440	32	2.01	496.37
13696	32	2.03	491.63
13952	32	2.06	484.73
14208	32	2.17	461.24
14464	32	2.17	461.63
14720	32	2.24	447.11
14976	32	2.22	450.51
15232	32	2.25	444.85
15488	32	2.25	444.39
15744	32	2.33	428.47
16000	32	2.38	419.74
16256	32	2.37	421.66
16512	32	2.43	411.76
16768	32	2.47	404.23
17024	32	2.49	401.21
17280	32	2.51	398.68
17536	32	2.58	388.18
17792	32	2.59	385.73
18048	32	2.62	381.91
18304	32	2.61	382.72
18560	32	2.73	366.59
18816	32	2.72	367.52
19072	32	2.69	371.13
19328	32	2.75	363.23
19584	32	2.83	353.54
19840	32	2.90	345.36
20096	32	2.85	350.28
20352	32	2.88	347.01
20608	32	2.99	334.05
20864	32	3.16	316.89
21120	32	3.13	319.23
21376	32	3.13	319.98
21632	32	3.13	319.16
21888	32	3.21	311.66
22144	32	3.28	305.24
22400	32	3.30	302.88
22656	32	3.36	297.70
22912	32	3.44	291.02
23168	32	3.35	298.14
23424	32	3.48	287.73
23680	32	3.59	278.34
23936	32	3.57	279.92
24192	32	3.58	279.52
24448	32	3.61	276.95
24704	32	3.66	272.86
24960	32	3.73	268.43
25216	32	3.71	269.20
25472	32	3.75	266.96
25728	32	3.72	268.49
25984	32	3.72	269.06
26240	32	3.76	265.61
26496	32	3.80	262.82
26752	32	3.82	261.59
27008	32	3.94	253.99
27264	32	3.85	260.06
27520	32	3.89	257.05
27776	32	4.42	226.05
28032	32	4.14	241.72
28288	32	4.17	239.77
28544	32	4.21	237.62
28800	32	4.22	236.95
29056	32	4.32	231.39
29312	32	4.25	235.57
29568	32	4.25	235.21
29824	32	4.29	233.23
30080	32	4.38	228.25
30336	32	4.28	233.46
30592	32	4.45	224.65
30848	32	4.40	227.53
31104	32	4.51	221.97
31360	32	4.62	216.61
31616	32	4.78	209.05
31872	32	4.61	216.95
32128	32	4.66	214.74
32384	32	4.68	213.87
32640	32	4.78	209.10
32896	32	4.83	206.94
33152	32	4.93	202.67
33408	32	4.97	201.32
33664	32	5.05	198.18
33920	32	5.00	200.01
34176	32	5.16	193.71
34432	32	4.97	201.05
34688	32	5.04	198.58
34944	32	5.09	196.54
35200	32	5.00	200.08
35456	32	5.07	197.12
35712	32	5.21	192.11
35968	32	5.36	186.57
36224	32	5.47	182.98
36480	32	5.52	181.10
36736	32	5.43	184.04
36992	32	5.49	182.28
37248	32	5.40	185.25
37504	32	5.43	184.16
37760	32	5.53	180.95
38016	32	5.49	182.07
38272	32	5.56	179.97
38528	32	5.65	177.09
38784	32	5.47	182.86
39040	32	5.61	178.30
39296	32	5.51	181.41
39552	32	5.59	178.96
39808	32	5.61	178.29
40064	32	5.73	174.42
40320	32	5.76	173.62
40576	32	5.72	174.69
40832	32	5.77	173.46
41088	32	5.96	167.75
41344	32	5.92	169.03
41600	32	5.83	171.67
41856	32	5.95	168.13
42112	32	5.93	168.52
42368	32	5.99	166.81
42624	32	5.92	169.01
42880	32	6.12	163.27
43136	32	6.32	158.14
43392	32	6.32	158.32
43648	32	6.31	158.50
43904	32	6.47	154.45
44160	32	6.47	154.45
44416	32	6.44	155.21
44672	32	6.45	154.99
44928	32	6.56	152.52
45184	32	6.55	152.59
45440	32	6.63	150.73
45696	32	6.66	150.06
45952	32	6.71	148.93
46208	32	6.77	147.70
46464	32	6.83	146.34
46720	32	6.72	148.77
46976	32	6.73	148.52
47232	32	6.75	148.25
47488	32	6.84	146.28
47744	32	6.84	146.12
48000	32	7.02	142.46
48256	32	7.16	139.75
48512	32	7.07	141.44
48768	32	7.11	140.61
49024	32	7.18	139.31
49280	32	7.28	137.33
49536	32	7.29	137.25
49792	32	7.40	135.12
50048	32	7.28	137.28
50304	32	7.18	139.25
50560	32	7.31	136.74
50816	32	7.42	134.79
51072	32	7.40	135.14
51328	32	7.37	135.61
51584	32	7.42	134.86
51840	32	7.58	131.95
52096	32	7.56	132.29
52352	32	7.51	133.21
52608	32	7.58	131.84
52864	32	7.76	128.80
53120	32	7.89	126.72
53376	32	7.73	129.34
53632	32	7.89	126.70
53888	32	7.93	126.18
54144	32	8.03	124.50
54400	32	7.85	127.36
54656	32	7.83	127.76
54912	32	7.85	127.43
55168	32	7.99	125.18
55424	32	8.11	123.35
55680	32	8.15	122.68
55936	32	9.12	109.66
56192	32	8.32	120.13
56448	32	8.43	118.67
56704	32	8.31	120.31
56960	32	8.53	117.20
57216	32	8.48	117.95
57472	32	8.43	118.69
57728	32	8.41	118.92
57984	32	8.74	114.39
58240	32	8.62	116.03
58496	32	9.01	111.04
58752	32	8.76	114.18
59008	32	8.63	115.84
59264	32	8.84	113.17
59520	32	8.62	116.03
59776	32	8.60	116.33
60032	32	8.92	112.11
60288	32	8.84	113.14
60544	32	8.85	113.03
60800	32	8.77	113.97
61056	32	8.79	113.74
61312	32	8.89	112.53
61568	32	8.87	112.79
61824	32	9.04	110.58
62080	32	9.05	110.45
62336	32	9.07	110.19
62592	32	9.10	109.85
62848	32	9.07	110.31
63104	32	9.13	109.54
63360	32	9.06	110.32
63616	32	9.14	109.39
63872	32	9.32	107.30
64128	32	9.32	107.29
64384	32	9.31	107.44
64640	32	9.47	105.55
64896	32	9.18	108.94
65152	32	9.23	108.33
65408	32	9.41	106.26
128	36	0.02	53995.68
384	36	0.06	17398.87
640	36	0.10	10116.85
896	36	0.15	6882.79
1152	36	0.18	5442.62
1408	36	0.22	4624.17
1664	36	0.26	3880.26
1920	36	0.31	3207.34
2176	36	0.36	2812.11
2432	36	0.39	2539.30
2688	36	0.43	2303.96
2944	36	0.48	2086.94
3200	36	0.49	2028.21
3456	36	0.55	1821.89
3712	36	0.57	1739.40
3968	36	0.63	1597.44
4224	36	0.67	1493.50
4480	36	0.70	1422.52
4736	36	0.74	1355.24
4992	36	0.79	1264.54
5248	36	0.83	1209.71
5504	36	0.85	1175.07
5760	36	0.89	1120.61
6016	36	0.90	1106.74
6272	36	0.95	1057.96
6528	36	0.99	1010.39
6784	36	1.02	982.65
7040	36	1.05	950.27
7296	36	1.12	891.00
7552	36	1.18	844.70
7808	36	1.23	813.93
8064	36	1.27	790.23
8320	36	1.31	765.93
8576	36	1.35	743.15
8832	36	1.40	711.95
9088	36	1.42	705.31
9344	36	1.46	687.22
9600	36	1.50	664.73
9856	36	1.54	647.87
10112	36	1.60	624.45
10368	36	1.66	602.66
10624	36	1.68	593.78
10880	36	1.73	578.58
11136	36	1.79	558.65
11392	36	1.80	554.68
11648	36	1.82	550.03
11904	36	1.96	510.38
12160	36	1.94	515.09
12416	36	1.99	503.35
12672	36	2.04	490.89
12928	36	2.05	487.19
13184	36	2.07	482.92
13440	36	2.13	468.78
13696	36	2.19	457.51
13952	36	2.18	458.17
14208	36	2.21	453.33
14464	36	2.26	443.16
14720	36	2.28	438.64
14976	36	2.33	429.71
15232	36	2.41	414.66
15488	36	2.45	408.94
15744	36	2.45	408.84
16000	36	2.54	394.06
16256	36	2.53	395.42
16512	36	2.58	387.95
16768	36	2.66	376.37
17024	36	2.73	366.22
17280	36	2.73	366.91
17536	36	2.77	361.13
17792	36	2.79	358.67
18048	36	2.83	353.22
18304	36	2.88	347.10
18560	36	2.94	339.75
18816	36	2.96	338.07
19072	36	2.97	336.37
19328	36	3.04	329.07
19584	36	3.10	322.12
19840	36	3.13	319.48
20096	36	3.18	314.07
20352	36	3.28	304.69
20608	36	3.25	307.45
20864	36	3.38	295.44
21120	36	3.31	302.31
21376	36	3.42	292.81
21632	36	3.45	289.74
21888	36	3.45	289.52
22144	36	3.47	288.44
22400	36	3.54	282.40
22656	36	3.55	281.54
22912	36	3.77	265.39
23168	36	3.69	271.36
23424	36	3.73	268.19
23680	36	3.69	270.87
23936	36	3.74	267.11
24192	36	3.82	261.70
24448	36	3.83	261.24
24704	36	3.98	251.31
24960	36	3.94	253.54
25216	36	3.95	253.17
25472	36	3.99	250.50
25728	36	4.02	248.70
25984	36	4.00	249.92
26240	36	4.01	249.53
26496	36	4.06	246.14
26752	36	4.26	234.49
27008	36	4.21	237.73
27264	36	4.28	233.64
27520	36	4.37	228.82
27776	36	4.52	221.14
28032	36	4.40	227.52
28288	36	4.45	224.93
28544	36	4.45	224.55
28800	36	4.48	223.40
29056	36	4.62	216.22
29312	36	4.61	217.12
29568	36	4.66	214.56
29824	36	4.68	213.79
30080	36	4.76	209.94
30336	36	4.84	206.47
30592	36	4.85	206.22
30848	36	4.86	205.65
31104	36	4.91	203.49
31360	36	4.96	201.71
31616	36	4.89	204.44
31872	36	4.88	204.93
32128	36	4.88	204.95
32384	36	5.02	199.30
32640	36	5.04	198.56
32896	36	5.05	198.16
33152	36	5.05	197.96
33408	36	5.15	194.16
33664	36	5.29	188.99
33920	36	5.29	189.06
34176	36	5.26	190.29
34432	36	5.35	187.02
34688	36	5.37	186.06
34944	36	5.36	186.50
35200	36	5.50	181.83
35456	36	5.46	183.12
35712	36	5.51	181.44
35968	36	5.58	179.20
36224	36	5.65	176.92
36480	36	5.59	178.85
36736	36	5.71	175.11
36992	36	5.76	173.54
37248	36	5.87	170.30
37504	36	5.98	167.15
37760	36	5.91	169.12
38016	36	5.94	168.23
38272	36	6.02	166.12
38528	36	5.99	166.84
38784	36	6.09	164.30
39040	36	6.10	163.82
39296	36	6.10	163.94
39552	36	6.17	162.03
39808	36	6.21	160.97
40064	36	6.23	160.53
40320	36	6.22	160.67
40576	36	6.38	156.74
40832	36	6.38	156.80
41088	36	6.39	156.46
41344	36	6.37	156.87
41600	36	6.47	154.47
41856	36	6.57	152.14
42112	36	6.64	150.51
42368	36	6.61	151.30
42624	36	6.62	151.15
42880	36	6.63	150.74
43136	36	6.78	147.50
43392	36	6.85	146.06
43648	36	6.82	146.66
43904	36	6.90	144.84
44160	36	6.95	143.85
44416	36	6.94	144.13
44672	36	7.00	142.77
44928	36	7.02	142.37
45184	36	7.07	141.49
45440	36	7.42	134.84
45696	36	7.02	142.52
45952	36	7.00	142.87
46208	36	7.03	142.30
46464	36	7.07	141.45
46720	36	7.36	135.86
46976	36	7.45	134.30
47232	36	7.49	133.48
47488	36	7.54	132.67
47744	36	7.92	126.31
48000	36	7.64	130.97
48256	36	7.61	131.45
48512	36	7.67	130.39
48768	36	7.72	129.55
49024	36	7.73	129.29
49280	36	7.78	128.55
49536	36	7.77	128.73
49792	36	7.80	128.25
50048	36	7.80	128.21
50304	36	7.82	127.82
50560	36	7.61	131.38
50816	36	7.71	129.74
51072	36	7.73	129.38
51328	36	7.79	128.40
51584	36	7.96	125.55
51840	36	7.93	126.07
52096	36	8.04	124.32
52352	36	8.03	124.46
52608	36	8.02	124.61
52864	36	8.04	124.44
53120	36	8.09	123.64
53376	36	8.11	123.34
53632	36	8.18	122.24
53888	36	8.25	121.20
54144	36	8.30	120.46
54400	36	8.32	120.25
54656	36	8.42	118.71
54912	36	8.41	118.87
55168	36	8.38	119.32
55424	36	8.54	117.10
55680	36	8.51	117.47
55936	36	8.49	117.73
56192	36	8.47	118.12
56448	36	8.47	118.02
56704	36	8.73	114.60
56960	36	9.01	110.95
57216	36	8.94	111.89
57472	36	9.07	110.25
57728	36	9.09	110.05
57984	36	9.06	110.33
58240	36	9.04	110.65
58496	36	9.20	108.74
58752	36	10.90	91.73
59008	36	9.32	107.24
59264	36	9.41	106.30
59520	36	9.39	106.45
59776	36	9.46	105.67
60032	36	9.43	106.01
60288	36	9.44	105.90
60544	36	9.53	104.88
60800	36	9.50	105.31
61056	36	9.52	105.00
61312	36	9.50	105.31
61568	36	9.42	106.11
61824	36	9.46	105.73
62080	36	9.75	102.59
62336	36	9.78	102.28
62592	36	9.78	102.26
62848	36	9.85	101.53
63104	36	9.79	102.17
63360	36	9.84	101.67
63616	36	9.94	100.63
63872	36	9.74	102.67
64128	36	9.70	103.06
64384	36	9.70	103.08
64640	36	9.69	103.18
64896	36	10.14	98.59
65152	36	10.08	99.18
65408	36	10.11	98.86
128	40	0.02	49407.11
384	40	0.07	14458.18
640	40	0.11	9350.16
896	40	0.15	6810.83
1152	40	0.19	5130.44
1408	40	0.24	4153.86
1664	40	0.29	3405.88
1920	40	0.36	2759.57
2176	40	0.39	2572.65
2432	40	0.43	2332.12
2688	40	0.48	2075.61
2944	40	0.51	1944.92
3200	40	0.57	1768.89
3456	40	0.60	1664.77
3712	40	0.66	1503.84
3968	40	0.70	1436.73
4224	40	0.77	1302.65
4480	40	0.79	1267.16
4736	40	0.81	1240.59
4992	40	0.86	1162.29
5248	40	0.92	1087.30
5504	40	0.95	1052.12
5760	40	0.95	1054.65
6016	40	1.05	950.05
6272	40	1.05	956.13
6528	40	1.08	926.58
6784	40	1.16	861.64
7040	40	1.18	850.21
7296	40	1.22	820.43
7552	40	1.27	786.26
7808	40	1.34	747.79
8064	40	1.34	745.20
8320	40	1.39	721.58
8576	40	1.45	689.53
8832	40	1.53	653.82
9088	40	1.54	650.90
9344	40	1.60	625.72
9600	40	1.65	606.16
9856	40	1.67	597.47
10112	40	1.71	583.23
10368	40	1.75	570.86
10624	40	1.80	556.43
10880	40	1.83	546.78
11136	40	1.95	511.53
11392	40	1.95	512.28
11648	40	2.00	499.30
11904	40	2.03	492.85
12160	40	2.06	484.84
12416	40	2.08	480.65
12672	40	2.13	469.45
12928	40	2.15	464.94
13184	40	2.21	453.49
13440	40	2.25	445.20
13696	40	2.32	431.10
13952	40	2.37	421.24
14208	40	2.38	420.23
14464	40	2.53	395.90
14720	40	2.57	389.79
14976	40	2.49	401.75
15232	40	2.54	393.29
15488	40	2.61	383.16
15744	40	2.66	376.01
16000	40	2.72	367.91
16256	40	2.74	364.96
16512	40	2.76	362.36
16768	40	2.85	351.46
17024	40	2.94	340.33
17280	40	2.99	334.21
17536	40	3.02	330.95
17792	40	3.03	330.43
18048	40	3.07	325.49
18304	40	3.14	318.20
18560	40	3.18	314.59
18816	40	3.26	306.39
19072	40	3.16	316.68
19328	40	3.20	312.43
19584	40	3.27	305.34
19840	40	3.31	302.05
20096	40	3.32	301.36
20352	40	3.41	293.07
20608	40	3.52	283.90
20864	40	3.55	281.35
21120	40	3.48	287.66
21376	40	3.56	280.80
21632	40	3.55	281.66
21888	40	3.65	274.17
22144	40	3.69	270.75
22400	40	3.73	268.25
22656	40	3.79	263.57
22912	40	3.89	256.93
23168	40	3.89	257.31
23424	40	4.11	243.53
23680	40	4.06	246.60
23936	40	4.49	222.55
24192	40	4.26	234.85
24448	40	4.16	240.18
24704	40	4.40	227.43
24960	40	4.34	230.50
25216	40	4.26	235.00
25472	40	4.27	234.06
25728	40	4.33	230.72
25984	40	4.34	230.27
26240	40	4.65	215.12
26496	40	4.63	215.99
26752	40	4.50	222.11
27008	40	4.61	216.94
27264	40	4.70	212.99
27520	40	4.71	212.42
27776	40	4.62	216.39
28032	40	4.67	214.03
28288	40	4.64	215.56
28544	40	4.72	211.73
28800	40	4.78	209.16
29056	40	4.86	205.81
29312	40	4.93	202.95
29568	40	4.95	201.92
29824	40	4.98	200.75
30080	40	5.07	197.08
30336	40	5.15	194.21
30592	40	5.25	190.61
30848	40	5.20	192.25
31104	40	5.17	193.51
31360	40	5.20	192.46
31616	40	5.26	190.07
31872	40	5.41	184.84
32128	40	5.38	186.00
32384	40	5.53	180.98
32640	40	5.50	181.95
32896	40	5.56	179.81
33152	40	5.54	180.61
33408	40	5.75	173.78
33664	40	5.67	176.50
33920	40	5.74	174.24
34176	40	5.81	172.24
34432	40	5.79	172.69
34688	40	5.88	170.01
34944	40	5.92	168.86
35200	40	5.88	170.19
35456	40	5.91	169.23
35712	40	5.95	168.01
35968	40	6.00	166.71
36224	40	6.03	165.94
36480	40	6.09	164.23
36736	40	6.14	162.92
36992	40	6.14	162.74
37248	40	6.29	158.88
37504	40	6.21	161.06
37760	40	6.37	157.00
38016	40	6.29	159.06
38272	40	6.44	155.19
38528	40	6.32	158.28
38784	40	6.47	154.65
39040	40	6.49	154.09
39296	40	6.60	151.43
39552	40	7.07	141.40
39808	40	6.87	145.63
40064	40	7.35	135.98
40320	40	7.01	142.55
40576	40	6.88	145.34
40832	40	6.89	145.09
41088	40	7.04	142.00
41344	40	6.84	146.13
41600	40	6.95	143.91
41856	40	7.07	141.46
42112	40	7.04	142.11
42368	40	7.13	140.17
42624	40	7.19	139.05
42880	40	7.19	139.14
43136	40	7.04	142.08
43392	40	7.14	140.02
43648	40	7.10	140.75
43904	40	7.22	138.49
44160	40	7.33	136.39
44416	40	7.54	132.55
44672	40	7.49	133.44
44928	40	7.56	132.34
45184	40	7.60	131.59
45440	40	7.48	133.71
45696	40	7.54	132.63
45952	40	7.70	129.80
46208	40	7.60	131.54
46464	40	7.80	128.13
46720	40	8.06	124.00
46976	40	7.92	126.26
47232	40	8.00	125.00
47488	40	8.12	123.17
47744	40	8.17	122.42
48000	40	8.18	122.31
48256	40	8.17	122.46
48512	40	8.29	120.58
48768	40	8.25	121.26
49024	40	8.04	124.35
49280	40	8.17	122.42
49536	40	8.20	121.98
49792	40	8.22	121.71
50048	40	8.49	117.77
50304	40	8.50	117.60
50560	40	8.56	116.88
50816	40	8.50	117.63
51072	40	8.50	117.65
51328	40	8.64	115.69
51584	40	8.75	114.29
51840	40	8.77	113.99
52096	40	8.74	114.39
52352	40	8.83	113.30
52608	40	8.88	112.60
52864	40	8.88	112.67
53120	40	8.85	113.02
53376	40	8.87	112.75
53632	40	8.90	112.34
53888	40	9.01	110.93
54144	40	9.05	110.52
54400	40	9.14	109.39
54656	40	9.17	109.06
54912	40	9.18	108.88
55168	40	9.36	106.79
55424	40	9.22	108.44
55680	40	9.52	105.09
55936	40	9.45	105.78
56192	40	9.41	106.25
56448	40	9.48	105.48
56704	40	9.38	106.59
56960	40	9.45	105.78
57216	40	9.79	102.16
57472	40	9.73	102.78
57728	40	9.80	102.01
57984	40	9.76	102.45
58240	40	9.84	101.59
58496	40	9.99	100.13
58752	40	10.02	99.77
59008	40	9.86	101.42
59264	40	9.54	104.80
59520	40	9.74	102.64
59776	40	9.75	102.57
60032	40	9.97	100.26
60288	40	10.16	98.45
60544	40	10.10	98.99
60800	40	10.15	98.50
61056	40	10.30	97.13
61312	40	10.55	94.82
61568	40	10.51	95.12
61824	40	10.44	95.76
62080	40	10.32	96.91
62336	40	10.27	97.41
62592	40	10.43	95.86
62848	40	10.72	93.24
63104	40	10.80	92.62
63360	40	10.88	91.91
63616	40	11.02	90.75
63872	40	10.71	93.35
64128	40	10.77	92.84
64384	40	10.73	93.22
64640	40	10.90	91.71
64896	40	10.87	91.99
65152	40	10.81	92.50
65408	40	10.86	92.05
128	44	0.01	76657.72
384	44	0.07	14735.14
640	44	0.12	8591.07
896	44	0.17	5908.24
1152	44	0.23	4384.14
1408	44	0.26	3799.39
1664	44	0.33	3062.60
1920	44	0.36	2783.69
2176	44	0.44	2295.10
2432	44	0.49	2049.60
2688	44	0.52	1936.16
2944	44	0.58	1736.13
3200	44	0.61	1632.56
3456	44	0.67	1495.05
3712	44	0.71	1417.78
3968	44	0.75	1327.15
4224	44	0.82	1223.30
4480	44	0.84	1184.93
4736	44	0.95	1055.98
4992	44	0.99	1013.26
5248	44	1.00	1002.89
5504	44	1.01	986.61
5760	44	1.06	941.79
6016	44	1.12	892.72
6272	44	1.12	892.76
6528	44	1.21	824.95
6784	44	1.26	794.17
7040	44	1.31	761.31
7296	44	1.35	740.26
7552	44	1.37	730.73
7808	44	1.48	675.40
8064	44	1.47	678.89
8320	44	1.55	645.26
8576	44	1.68	596.75
8832	44	1.63	613.59
9088	44	1.68	595.13
9344	44	1.73	577.95
9600	44	1.74	575.52
9856	44	1.77	565.26
10112	44	1.87	535.74
10368	44	1.94	515.27
10624	44	1.90	525.97
10880	44	1.98	504.99
11136	44	2.05	488.22
11392	44	2.08	481.53
11648	44	2.15	466.05
11904	44	2.14	467.87
12160	44	2.21	453.44
12416	44	2.22	451.33
12672	44	2.31	432.00
12928	44	2.32	430.78
13184	44	2.38	420.52
13440	44	2.46	406.83
13696	44	2.49	402.28
13952	44	2.52	396.30
14208	44	2.54	393.90
14464	44	2.63	380.54
14720	44	2.65	377.11
14976	44	2.74	365.10
15232	44	2.74	364.43
15488	44	2.78	359.81
15744	44	2.86	350.08
16000	44	2.94	340.29
16256	44	2.97	336.89
16512	44	3.05	327.50
16768	44	3.03	330.57
17024	44	3.38	296.24
17280	44	3.09	324.01
17536	44	3.12	320.72
17792	44	3.18	314.06
18048	44	3.29	304.36
18304	44	3.32	300.91
18560	44	3.35	298.90
18816	44	3.43	291.85
19072	44	3.47	288.27
19328	44	3.52	284.06
19584	44	3.63	275.28
19840	44	3.63	275.63
20096	44	3.62	275.96
20352	44	3.63	275.60
20608	44	3.70	270.48
20864	44	3.75	266.94
21120	44	3.90	256.38
21376	44	3.84	260.66
21632	44	4.00	250.18
21888	44	3.94	253.82
22144	44	4.02	248.89
22400	44	3.97	251.79
22656	44	4.06	246.03
22912	44	4.11	243.40
23168	44	4.14	241.27
23424	44	4.20	238.29
23680	44	4.28	233.86
23936	44	4.29	233.13
24192	44	4.38	228.14
24448	44	4.43	225.59
24704	44	4.48	223.44
24960	44	4.51	221.66
25216	44	4.57	218.66
25472	44	4.64	215.47
25728	44	4.61	217.04
25984	44	4.74	211.00
26240	44	4.75	210.38
26496	44	4.83	207.13
26752	44	4.83	207.18
27008	44	4.73	211.30
27264	44	4.76	210.06
27520	44	4.89	204.56
27776	44	4.90	204.18
28032	44	4.97	201.02
28288	44	5.08	197.00
28544	44	5.16	193.66
28800	44	5.32	188.01
29056	44	5.22	191.74
29312	44	5.30	188.78
29568	44	5.30	188.59
29824	44	5.26	190.23
30080	44	5.25	190.30
30336	44	5.38	186.03
30592	44	5.47	182.68
30848	44	5.52	181.16
31104	44	5.53	180.81
31360	44	5.56	179.82
31616	44	5.60	178.52
31872	44	5.63	177.65
32128	44	7.31	136.79
32384	44	5.66	176.82
32640	44	5.77	173.33
32896	44	5.83	171.67
33152	44	5.95	168.07
33408	44	6.02	166.02
33664	44	6.04	165.44
33920	44	6.03	165.78
34176	44	6.13	163.08
34432	44	6.19	161.67
34688	44	6.34	157.80
34944	44	6.61	151.34
35200	44	6.47	154.54
35456	44	6.66	150.23
35712	44	7.02	142.41
35968	44	6.76	148.04
36224	44	6.95	143.97
36480	44	6.79	147.29
36736	44	6.94	144.03
36992	44	6.77	147.72
37248	44	6.97	143.56
37504	44	6.78	147.45
37760	44	6.86	145.70
38016	44	6.90	145.02
38272	44	6.85	145.98
38528	44	6.92	144.48
38784	44	7.04	141.96
39040	44	6.95	143.79
39296	44	7.18	139.35
39552	44	7.12	140.40
39808	44	7.18	139.36
40064	44	7.20	138.86
40320	44	7.32	136.53
40576	44	7.32	136.59
40832	44	7.38	135.58
41088	44	7.40	135.08
41344	44	9.12	109.64
41600	44	7.57	132.16
41856	44	7.51	133.13
42112	44	7.60	131.51
42368	44	7.85	127.40
42624	44	7.87	127.13
42880	44	7.66	130.60
43136	44	7.88	126.92
43392	44	7.82	127.90
43648	44	7.82	127.95
43904	44	7.67	130.33
44160	44	7.62	131.21
44416	44	7.91	126.47
44672	44	7.78	128.46
44928	44	7.95	125.75
45184	44	7.98	125.24
45440	44	8.23	121.54
45696	44	8.14	122.88
45952	44	8.36	119.63
46208	44	8.05	124.29
46464	44	8.20	121.92
46720	44	8.29	120.63
46976	44	8.42	118.71
47232	44	8.43	118.60
47488	44	8.43	118.64
47744	44	8.42	118.79
48000	44	8.70	114.96
48256	44	8.57	116.69
48512	44	8.54	117.05
48768	44	8.74	114.41
49024	44	8.58	116.50
49280	44	8.92	112.08
49536	44	8.99	111.19
49792	44	8.90	112.38
50048	44	9.05	110.55
50304	44	9.21	108.60
50560	44	9.16	109.11
50816	44	8.99	111.20
51072	44	9.05	110.52
51328	44	9.15	109.30
51584	44	9.31	107.43
51840	44	9.38	106.58
52096	44	9.41	106.22
52352	44	9.44	105.93
52608	44	9.41	106.26
52864	44	9.49	105.41
53120	44	9.54	104.84
53376	44	9.50	105.25
53632	44	9.62	103.95
53888	44	9.66	103.49
54144	44	9.65	103.57
54400	44	9.58	104.34
54656	44	9.71	102.97
54912	44	9.77	102.35
55168	44	9.73	102.73
55424	44	9.85	101.50
55680	44	9.89	101.11
55936	44	9.90	100.99
56192	44	10.00	100.00
56448	44	9.94	100.56
56704	44	10.01	99.91
56960	44	10.05	99.53
57216	44	10.04	99.62
57472	44	9.89	101.10
57728	44	10.04	99.64
57984	44	10.04	99.61
58240	44	10.58	94.55
58496	44	10.69	93.55
58752	44	10.60	94.33
59008	44	10.76	92.92
59264	44	10.59	94.42
59520	44	10.60	94.34
59776	44	10.73	93.22
60032	44	10.65	93.88
60288	44	10.65	93.94
60544	44	10.73	93.22
60800	44	10.87	92.03
61056	44	10.86	92.05
61312	44	10.85	92.19
61568	44	10.79	92.69
61824	44	10.82	92.42
62080	44	11.26	88.84
62336	44	11.27	88.71
62592	44	11.21	89.17
62848	44	11.18	89.41
63104	44	11.26	88.83
63360	44	11.40	87.75
63616	44	11.38	87.86
63872	44	11.44	87.42
64128	44	11.40	87.75
64384	44	11.91	83.94
64640	44	11.21	89.21
64896	44	11.40	87.74
65152	44	11.55	86.57
65408	44	11.69	85.58
128	48	0.01	74487.90
384	48	0.08	12884.94
640	48	0.13	7959.25
896	48	0.18	5604.44
1152	48	0.22	4464.49
1408	48	0.27	3724.19
1664	48	0.38	2642.74
1920	48	0.39	2534.34
2176	48	0.45	2244.90
2432	48	0.47	2136.02
2688	48	0.59	1694.97
2944	48	0.58	1726.37
3200	48	0.64	1570.96
3456	48	0.71	1417.02
3712	48	0.76	1320.01
3968	48	0.79	1273.29
4224	48	0.89	1124.11
4480	48	0.88	1132.99
4736	48	0.94	1063.85
4992	48	0.96	1036.85
5248	48	1.03	971.10
5504	48	1.07	938.46
5760	48	1.12	894.72
6016	48	1.19	841.47
6272	48	1.21	828.01
6528	48	1.26	791.54
6784	48	1.32	757.25
7040	48	1.37	728.02
7296	48	1.43	701.13
7552	48	1.47	682.21
7808	48	1.51	661.22
8064	48	1.59	629.56
8320	48	1.67	597.77
8576	48	1.64	611.20
8832	48	1.71	585.60
9088	48	1.77	565.58
9344	48	1.79	558.07
9600	48	1.83	544.96
9856	48	1.90	527.22
10112	48	1.93	518.40
10368	48	1.98	506.15
10624	48	2.03	491.83
10880	48	2.06	485.83
11136	48	2.12	472.25
11392	48	2.25	443.51
11648	48	2.23	448.68
11904	48	2.28	437.94
12160	48	2.32	431.47
12416	48	2.38	419.81
12672	48	2.44	410.45
12928	48	2.48	402.74
13184	48	2.53	395.55
13440	48	2.56	390.18
13696	48	2.59	386.50
13952	48	2.65	377.98
14208	48	2.69	372.31
14464	48	2.72	367.43
14720	48	2.79	357.79
14976	48	2.83	353.96
15232	48	2.90	344.35
15488	48	3.00	333.31
15744	48	3.07	325.89
16000	48	3.08	324.44
16256	48	3.11	321.86
16512	48	3.16	316.60
16768	48	3.39	294.92
17024	48	3.26	306.60
17280	48	3.32	301.20
17536	48	3.27	306.27
17792	48	3.26	306.57
18048	48	3.33	300.52
18304	48	3.34	299.77
18560	48	3.54	282.88
18816	48	3.57	279.88
19072	48	3.61	276.80
19328	48	3.63	275.59
19584	48	3.69	270.72
19840	48	3.79	263.74
20096	48	3.86	259.26
20352	48	3.90	256.47
20608	48	3.91	256.05
20864	48	3.97	252.15
21120	48	4.02	248.76
21376	48	4.17	239.97
21632	48	4.14	241.50
21888	48	4.17	239.95
22144	48	4.22	237.05
22400	48	4.40	227.53
22656	48	4.29	233.21
22912	48	4.32	231.42
23168	48	4.37	228.94
23424	48	4.42	226.33
23680	48	4.46	224.22
23936	48	4.60	217.56
24192	48	4.64	215.66
24448	48	4.58	218.31
24704	48	4.64	215.46
24960	48	4.75	210.68
25216	48	4.79	208.89
25472	48	4.81	207.77
25728	48	4.86	205.59
25984	48	4.89	204.37
26240	48	4.81	207.92
26496	48	4.82	207.48
26752	48	4.88	205.08
27008	48	4.93	202.83
27264	48	5.15	194.34
27520	48	5.01	199.56
27776	48	5.30	188.69
28032	48	5.40	185.15
28288	48	5.44	183.66
28544	48	5.53	180.76
28800	48	5.60	178.58
29056	48	5.68	176.01
29312	48	5.62	177.98
29568	48	5.62	177.85
29824	48	5.76	173.66
30080	48	5.72	174.87
30336	48	5.75	173.81
30592	48	5.80	172.36
30848	48	5.80	172.31
31104	48	5.93	168.75
31360	48	5.84	171.15
31616	48	6.27	159.37
31872	48	6.09	164.21
32128	48	6.03	165.89
32384	48	6.19	161.59
32640	48	6.15	162.54
32896	48	6.27	159.51
33152	48	6.18	161.76
33408	48	6.17	162.16
33664	48	6.26	159.81
33920	48	6.33	157.96
34176	48	6.25	160.12
34432	48	6.34	157.66
34688	48	6.57	152.19
34944	48	6.61	151.20
35200	48	6.71	149.07
35456	48	6.71	148.96
35712	48	6.81	146.89
35968	48	6.78	147.50
36224	48	6.88	145.44
36480	48	6.85	145.90
36736	48	6.90	144.91
36992	48	6.92	144.49
37248	48	7.01	142.74
37504	48	7.05	141.91
37760	48	7.08	141.21
38016	48	7.13	140.26
38272	48	7.37	135.64
38528	48	7.19	139.06
38784	48	7.25	138.00
39040	48	7.36	135.94
39296	48	7.36	135.79
39552	48	7.44	134.45
39808	48	7.51	133.14
40064	48	7.58	132.00
40320	48	7.68	130.29
40576	48	7.93	126.10
40832	48	7.87	127.13
41088	48	7.94	125.93
41344	48	7.95	125.85
41600	48	7.99	125.22
41856	48	8.01	124.77
42112	48	8.08	123.75
42368	48	8.05	124.24
42624	48	8.23	121.52
42880	48	8.20	121.88
43136	48	8.42	118.78
43392	48	8.41	118.85
43648	48	8.40	119.09
43904	48	8.66	115.43
44160	48	8.30	120.46
44416	48	8.28	120.74
44672	48	8.41	118.94
44928	48	8.45	118.32
45184	48	8.54	117.08
45440	48	8.72	114.71
45696	48	8.78	113.91
45952	48	8.81	113.49
46208	48	8.81	113.49
46464	48	8.79	113.83
46720	48	8.89	112.50
46976	48	8.95	111.71
47232	48	8.96	111.59
47488	48	9.04	110.63
47744	48	9.07	110.25
48000	48	9.21	108.56
48256	48	9.16	109.16
48512	48	9.15	109.23
48768	48	9.13	109.57
49024	48	9.28	107.77
49280	48	9.07	110.26
49536	48	9.15	109.32
49792	48	9.09	109.99
50048	48	9.36	106.88
50304	48	9.44	105.97
50560	48	9.66	103.57
50816	48	9.69	103.20
51072	48	9.73	102.78
51328	48	9.57	104.50
51584	48	9.40	106.42
51840	48	9.56	104.56
52096	48	9.58	104.41
52352	48	9.73	102.73
52608	48	9.96	100.41
52864	48	10.01	99.89
53120	48	10.08	99.16
53376	48	10.13	98.72
53632	48	10.17	98.29
53888	48	10.15	98.49
54144	48	10.37	96.39
54400	48	10.00	99.99
54656	48	10.03	99.67
54912	48	10.03	99.74
55168	48	10.15	98.53
55424	48	10.57	94.62
55680	48	10.57	94.64
55936	48	10.57	94.56
56192	48	10.86	92.12
56448	48	10.94	91.43
56704	48	10.91	91.68
56960	48	10.90	91.72
57216	48	10.86	92.06
57472	48	10.93	91.49
57728	48	11.01	90.83
57984	48	10.88	91.90
58240	48	10.89	91.84
58496	48	11.12	89.96
58752	48	11.06	90.41
59008	48	11.21	89.24
59264	48	11.22	89.11
59520	48	11.21	89.24
59776	48	11.33	88.25
60032	48	11.29	88.59
60288	48	11.42	87.57
60544	48	11.68	85.60
60800	48	11.50	86.97
61056	48	11.68	85.60
61312	48	11.58	86.33
61568	48	11.63	85.99
61824	48	11.89	84.12
62080	48	11.79	84.80
62336	48	11.81	84.70
62592	48	11.79	84.82
62848	48	11.67	85.72
63104	48	11.99	83.43
63360	48	11.88	84.17
63616	48	11.99	83.43
63872	48	12.25	81.66
64128	48	12.34	81.01
64384	48	12.29	81.38
64640	48	12.24	81.68
64896	48	12.19	82.01
65152	48	12.25	81.61
65408	48	12.31	81.24
128	52	0.01	68540.10
384	52	0.08	12710.52
640	52	0.13	7674.89
896	52	0.18	5548.00
1152	52	0.24	4105.26
1408	52	0.29	3445.90
1664	52	0.38	2611.61
1920	52	0.42	2375.47
2176	52	0.46	2169.67
2432	52	0.52	1909.85
2688	52	0.56	1792.34
2944	52	0.62	1618.01
3200	52	0.65	1531.78
3456	52	0.72	1382.27
3712	52	0.76	1316.21
3968	52	0.82	1220.94
4224	52	0.84	1183.61
4480	52	0.92	1087.70
4736	52	0.95	1050.65
4992	52	1.07	930.54
5248	52	1.08	929.58
5504	52	1.13	882.89
5760	52	1.19	843.81
6016	52	1.26	796.62
6272	52	1.31	763.15
6528	52	1.36	736.80
6784	52	1.40	713.58
7040	52	1.46	686.81
7296	52	1.49	671.73
7552	52	1.56	642.97
7808	52	1.58	634.72
8064	52	1.64	611.24
8320	52	1.71	584.34
8576	52	1.78	563.20
8832	52	1.84	544.10
9088	52	1.83	545.55
9344	52	2.06	485.30
9600	52	1.96	510.52
9856	52	1.98	503.85
10112	52	2.06	485.94
10368	52	2.11	473.69
10624	52	2.20	455.46
10880	52	2.23	448.76
11136	52	2.28	437.72
11392	52	2.34	427.28
11648	52	2.39	418.20
11904	52	2.42	412.76
12160	52	2.51	398.83
12416	52	2.54	394.19
12672	52	2.61	382.63
12928	52	2.62	382.27
13184	52	2.69	371.20
13440	52	2.77	361.05
13696	52	2.81	355.42
13952	52	2.88	346.81
14208	52	2.86	349.73
14464	52	2.94	340.54
14720	52	2.98	335.79
14976	52	3.05	328.18
15232	52	3.08	324.87
15488	52	3.09	323.12
15744	52	3.19	313.88
16000	52	3.26	307.18
16256	52	3.30	302.80
16512	52	3.34	299.46
16768	52	3.40	294.48
17024	52	3.49	286.54
17280	52	3.47	287.81
17536	52	3.64	274.77
17792	52	3.61	277.29
18048	52	3.68	271.38
18304	52	3.69	271.28
18560	52	3.70	270.18
18816	52	3.82	261.50
19072	52	3.88	257.77
19328	52	3.93	254.46
19584	52	3.96	252.32
19840	52	4.02	248.64
20096	52	4.06	246.41
20352	52	4.15	241.06
20608	52	4.20	237.93
20864	52	4.27	233.96
21120	52	4.31	232.11
21376	52	4.49	222.49
21632	52	4.32	231.57
21888	52	4.39	227.56
22144	52	4.43	225.51
22400	52	4.54	220.45
22656	52	4.61	216.80
22912	52	4.70	212.77
23168	52	4.70	212.84
23424	52	4.82	207.56
23680	52	4.85	206.25
23936	52	4.86	205.92
24192	52	4.92	203.26
24448	52	4.96	201.59
24704	52	4.94	202.23
24960	52	5.00	199.86
25216	52	5.05	198.11
25472	52	5.17	193.28
25728	52	5.15	194.08
25984	52	5.19	192.77
26240	52	5.34	187.23
26496	52	5.37	186.33
26752	52	5.35	187.03
27008	52	5.46	183.12
27264	52	5.54	180.57
27520	52	5.53	180.77
27776	52	5.62	177.78
28032	52	5.55	180.20
28288	52	5.69	175.60
28544	52	5.72	174.94
28800	52	5.69	175.88
29056	52	5.83	171.61
29312	52	5.95	168.06
29568	52	5.92	169.03
29824	52	6.03	165.84
30080	52	6.04	165.46
30336	52	6.12	163.43
30592	52	6.16	162.31
30848	52	6.26	159.79
31104	52	6.33	157.86
31360	52	6.34	157.78
31616	52	6.38	156.73
31872	52	6.41	155.97
32128	52	6.46	154.71
32384	52	6.50	153.94
32640	52	6.68	149.78
32896	52	6.75	148.07
33152	52	6.70	149.35
33408	52	6.67	150.01
33664	52	6.86	145.84
33920	52	6.68	149.60
34176	52	6.86	145.74
34432	52	6.98	143.36
34688	52	6.77	147.72
34944	52	6.95	143.99
35200	52	6.86	145.78
35456	52	7.10	140.92
35712	52	7.21	138.68
35968	52	7.32	136.67
36224	52	7.56	132.34
36480	52	7.51	133.19
36736	52	8.21	121.82
36992	52	7.72	129.59
37248	52	8.04	124.43
37504	52	7.80	128.18
37760	52	7.75	129.05
38016	52	7.89	126.71
38272	52	7.93	126.08
38528	52	7.93	126.06
38784	52	7.97	125.50
39040	52	7.81	127.96
39296	52	7.69	130.01
39552	52	7.66	130.63
39808	52	7.74	129.17
40064	52	7.77	128.64
40320	52	8.01	124.90
40576	52	7.95	125.81
40832	52	8.11	123.35
41088	52	8.07	123.88
41344	52	8.18	122.28
41600	52	8.31	120.39
41856	52	8.43	118.57
42112	52	8.44	118.46
42368	52	8.45	118.32
42624	52	8.68	115.17
42880	52	8.58	116.51
43136	52	8.69	115.10
43392	52	8.72	114.66
43648	52	8.80	113.58
43904	52	8.76	114.20
44160	52	8.88	112.66
44416	52	9.02	110.90
44672	52	9.08	110.17
44928	52	9.02	110.82
45184	52	9.02	110.90
45440	52	9.06	110.34
45696	52	9.11	109.80
45952	52	9.15	109.28
46208	52	9.36	106.86
46464	52	9.24	108.25
46720	52	9.41	106.28
46976	52	9.49	105.37
47232	52	9.43	106.04
47488	52	9.53	104.98
47744	52	9.65	103.58
48000	52	10.48	95.39
48256	52	9.81	101.90
48512	52	9.89	101.10
48768	52	9.75	102.58
49024	52	9.94	100.59
49280	52	9.99	100.07
49536	52	9.85	101.57
49792	52	9.91	100.88
50048	52	9.95	100.46
50304	52	10.05	99.53
50560	52	10.14	98.66
50816	52	10.21	97.95
51072	52	10.28	97.23
51328	52	10.33	96.81
51584	52	10.26	97.50
51840	52	10.17	98.35
52096	52	10.26	97.50
52352	52	10.25	97.52
52608	52	10.59	94.40
52864	52	10.57	94.65
53120	52	10.69	93.55
53376	52	10.68	93.64
53632	52	10.71	93.38
53888	52	10.69	93.57
54144	52	10.83	92.37
54400	52	10.87	91.97
54656	52	10.87	92.00
54912	52	11.01	90.79
55168	52	11.06	90.41
55424	52	11.26	88.78
55680	52	11.50	86.97
55936	52	11.22	89.16
56192	52	11.50	86.95
56448	52	11.50	86.95
56704	52	11.57	86.47
56960	52	11.39	87.79
57216	52	11.39	87.83
57472	52	11.47	87.20
57728	52	11.45	87.31
57984	52	11.90	84.04
58240	52	11.69	85.54
58496	52	12.58	79.51
58752	52	11.66	85.80
59008	52	12.35	80.99
59264	52	11.79	84.78
59520	52	12.09	82.70
59776	52	12.06	82.91
60032	52	12.22	81.86
60288	52	12.14	82.37
60544	52	12.14	82.38
60800	52	12.11	82.54
61056	52	12.36	80.89
61312	52	12.24	81.70
61568	52	12.39	80.72
61824	52	12.44	80.41
62080	52	12.36	80.90
62336	52	12.50	80.00
62592	52	12.59	79.46
62848	52	12.54	79.77
63104	52	12.77	78.32
63360	52	12.72	78.64
63616	52	12.47	80.19
63872	52	12.43	80.44
64128	52	12.66	79.00
64384	52	12.77	78.31
64640	52	12.91	77.49
64896	52	12.87	77.67
65152	52	13.00	76.90
65408	52	13.23	75.58
128	56	0.02	63979.53
384	56	0.08	12275.21
640	56	0.14	6906.79
896	56	0.20	5094.76
1152	56	0.30	3316.91
1408	56	0.33	3036.61
1664	56	0.39	2592.02
1920	56	0.44	2293.10
2176	56	0.48	2096.63
2432	56	0.54	1856.06
2688	56	0.61	1647.07
2944	56	0.65	1528.47
3200	56	0.70	1431.90
3456	56	0.75	1329.80
3712	56	0.83	1211.61
3968	56	0.92	1084.80
4224	56	0.98	1018.06
4480	56	1.07	938.28
4736	56	1.06	947.36
4992	56	1.08	930.05
5248	56	1.20	832.58
5504	56	1.25	801.79
5760	56	1.25	799.35
6016	56	1.29	773.46
6272	56	1.34	748.72
6528	56	1.41	709.46
6784	56	1.46	683.46
7040	56	1.52	655.93
7296	56	1.60	624.95
7552	56	1.64	608.16
7808	56	1.72	581.73
8064	56	1.78	561.07
8320	56	1.83	546.98
8576	56	1.88	530.64
8832	56	1.91	523.57
9088	56	1.95	513.42
9344	56	2.01	498.13
9600	56	2.10	476.17
9856	56	2.22	451.01
10112	56	2.12	471.29
10368	56	2.19	457.61
10624	56	2.26	442.87
10880	56	2.33	429.21
11136	56	2.39	417.70
11392	56	2.42	412.41
11648	56	2.45	408.53
11904	56	2.49	402.04
12160	56	2.51	398.22
12416	56	2.70	370.41
12672	56	2.71	368.44
12928	56	2.98	335.82
13184	56	2.91	343.90
13440	56	2.85	351.09
13696	56	2.93	341.50
13952	56	3.00	333.40
14208	56	3.06	327.05
14464	56	3.08	324.19
14720	56	3.12	320.30
14976	56	3.22	310.34
15232	56	3.23	309.39
15488	56	3.32	301.23
15744	56	3.32	301.14
16000	56	3.41	293.31
16256	56	3.43	291.20
16512	56	3.51	284.58
16768	56	3.82	261.91
17024	56	3.74	267.68
17280	56	3.69	271.31
17536	56	3.74	267.59
17792	56	3.86	258.90
18048	56	3.89	257.10
18304	56	3.82	261.53
18560	56	3.96	252.60
18816	56	4.03	248.37
19072	56	4.10	243.72
19328	56	4.08	245.19
19584	56	4.24	236.13
19840	56	4.30	232.65
20096	56	4.28	233.44
20352	56	4.30	232.63
20608	56	4.35	230.10
20864	56	4.39	227.90
21120	56	4.48	222.98
21376	56	4.53	220.98
21632	56	4.73	211.28
21888	56	4.70	212.60
22144	56	4.89	204.46
22400	56	4.70	212.73
22656	56	4.73	211.53
22912	56	5.08	196.82
23168	56	4.89	204.53
23424	56	5.08	197.01
23680	56	5.07	197.13
23936	56	5.10	196.22
24192	56	5.15	194.05
24448	56	5.23	191.11
24704	56	5.27	189.71
24960	56	5.32	188.01
25216	56	5.39	185.59
25472	56	5.45	183.37
25728	56	5.45	183.47
25984	56	5.58	179.15
26240	56	5.61	178.38
26496	56	5.61	178.35
26752	56	5.67	176.33
27008	56	5.62	177.83
27264	56	5.68	176.07
27520	56	5.89	169.87
27776	56	5.87	170.31
28032	56	5.92	169.06
28288	56	6.09	164.25
28544	56	6.06	165.08
28800	56	6.15	162.67
29056	56	6.07	164.82
29312	56	6.10	163.86
29568	56	6.14	162.94
29824	56	6.16	162.34
30080	56	6.23	160.57
30336	56	6.38	156.72
30592	56	6.44	155.19
30848	56	6.49	154.13
31104	56	6.59	151.76
31360	56	6.64	150.54
31616	56	6.71	149.11
31872	56	6.83	146.47
32128	56	6.87	145.47
32384	56	7.34	136.20
32640	56	6.98	143.30
32896	56	7.07	141.44
33152	56	7.11	140.58
33408	56	7.35	136.01
33664	56	7.27	137.58
33920	56	7.26	137.81
34176	56	7.17	139.49
34432	56	7.22	138.52
34688	56	7.23	138.23
34944	56	7.33	136.37
35200	56	7.42	134.81
35456	56	7.53	132.89
35712	56	7.54	132.55
35968	56	7.58	132.01
36224	56	7.66	130.51
36480	56	7.66	130.61
36736	56	7.69	129.97
36992	56	7.83	127.72
37248	56	7.96	125.66
37504	56	7.86	127.22
37760	56	7.97	125.50
38016	56	8.10	123.53
38272	56	8.00	125.01
38528	56	8.09	123.56
38784	56	8.07	123.96
39040	56	8.13	123.05
39296	56	8.21	121.81
39552	56	8.24	121.36
39808	56	8.33	119.99
40064	56	8.67	115.35
40320	56	8.63	115.85
40576	56	8.62	116.03
40832	56	8.74	114.37
41088	56	8.67	115.28
41344	56	8.78	113.90
41600	56	8.77	113.98
41856	56	8.75	114.22
42112	56	8.87	112.75
42368	56	8.99	111.26
42624	56	9.02	110.86
42880	56	9.19	108.80
43136	56	8.92	112.06
43392	56	8.80	113.62
43648	56	8.90	112.37
43904	56	9.06	110.39
44160	56	9.21	108.61
44416	56	9.18	108.97
44672	56	9.25	108.08
44928	56	9.24	108.26
45184	56	9.52	105.05
45440	56	9.61	104.10
45696	56	10.20	98.07
45952	56	10.02	99.82
46208	56	9.76	102.49
46464	56	10.15	98.51
46720	56	10.00	100.05
46976	56	10.04	99.63
47232	56	10.05	99.55
47488	56	10.16	98.39
47744	56	10.26	97.50
48000	56	10.17	98.34
48256	56	10.09	99.08
48512	56	10.41	96.02
48768	56	10.28	97.24
49024	56	10.11	98.89
49280	56	10.21	97.91
49536	56	10.16	98.47
49792	56	10.32	96.89
50048	56	10.43	95.84
50304	56	10.55	94.81
50560	56	10.61	94.27
50816	56	10.64	94.01
51072	56	10.72	93.29
51328	56	10.69	93.51
51584	56	10.89	91.82
51840	56	11.04	90.56
52096	56	10.95	91.34
52352	56	11.08	90.23
52608	56	11.19	89.34
52864	56	11.21	89.22
53120	56	11.23	89.02
53376	56	11.38	87.88
53632	56	11.44	87.40
53888	56	11.41	87.67
54144	56	11.58	86.39
54400	56	11.48	87.10
54656	56	11.69	85.57
54912	56	11.57	86.42
55168	56	11.62	86.06
55424	56	11.33	88.27
55680	56	11.50	86.95
55936	56	11.48	87.08
56192	56	11.80	84.75
56448	56	11.84	84.49
56704	56	11.88	84.17
56960	56	12.13	82.47
57216	56	12.08	82.75
57472	56	12.25	81.65
57728	56	12.40	80.67
57984	56	12.43	80.47
58240	56	12.46	80.27
58496	56	12.53	79.82
58752	56	12.34	81.02
59008	56	12.70	78.71
59264	56	13.09	76.41
59520	56	12.66	78.97
59776	56	12.78	78.26
60032	56	12.72	78.65
60288	56	12.69	78.79
60544	56	12.88	77.61
60800	56	12.94	77.28
61056	56	12.79	78.21
61312	56	12.84	77.89
61568	56	12.91	77.46
61824	56	12.97	77.13
62080	56	13.26	75.40
62336	56	13.24	75.52
62592	56	13.22	75.63
62848	56	13.28	75.31
63104	56	13.40	74.62
63360	56	14.09	70.95
63616	56	13.73	72.82
63872	56	13.58	73.65
64128	56	13.39	74.68
64384	56	13.24	75.56
64640	56	13.32	75.07
64896	56	13.31	75.16
65152	56	13.64	73.33
65408	56	13.54	73.86
128	60	0.02	61900.34
384	60	0.09	11071.13
640	60	0.17	6031.18
896	60	0.22	4493.17
1152	60	0.27	3667.77
1408	60	0.34	2922.22
1664	60	0.39	2536.72
1920	60	0.44	2258.66
2176	60	0.52	1925.06
2432	60	0.57	1766.94
2688	60	0.62	1625.91
2944	60	0.66	1520.42
3200	60	0.73	1361.48
3456	60	0.84	1189.35
3712	60	0.92	1084.16
3968	60	0.89	1123.78
4224	60	0.95	1049.26
4480	60	1.03	966.50
4736	60	1.15	869.14
4992	60	1.15	872.90
5248	60	1.26	793.94
5504	60	1.25	800.56
5760	60	1.31	765.54
6016	60	1.37	731.42
6272	60	1.43	699.82
6528	60	1.54	649.18
6784	60	1.52	656.18
7040	60	1.65	605.91
7296	60	1.66	603.19
7552	60	1.73	577.65
7808	60	2.07	483.73
8064	60	1.86	536.57
8320	60	1.93	517.86
8576	60	1.92	520.44
8832	60	2.02	494.95
9088	60	2.04	489.94
9344	60	2.14	467.88
9600	60	2.22	449.78
9856	60	2.25	444.43
10112	60	2.32	430.57
10368	60	2.37	421.71
10624	60	2.40	417.48
10880	60	2.63	380.71
11136	60	2.58	387.08
11392	60	2.59	386.72
11648	60	2.65	376.77
11904	60	2.87	348.84
12160	60	2.75	364.07
12416	60	2.89	345.76
12672	60	2.89	345.82
12928	60	2.95	338.68
13184	60	2.97	337.13
13440	60	3.02	330.76
13696	60	3.11	321.86
13952	60	3.16	316.63
14208	60	3.17	315.01
14464	60	3.29	303.55
14720	60	3.37	296.49
14976	60	3.39	294.82
15232	60	3.48	286.96
15488	60	3.44	290.71
15744	60	3.53	283.65
16000	60	4.17	239.96
16256	60	3.77	264.99
16512	60	3.89	257.27
16768	60	3.80	263.11
17024	60	3.77	265.31
17280	60	3.84	260.58
17536	60	3.84	260.29
17792	60	3.94	253.87
18048	60	4.43	225.50
18304	60	4.08	244.92
18560	60	4.17	239.54
18816	60	4.26	234.75
19072	60	4.29	232.85
19328	60	4.27	234.45
19584	60	4.34	230.49
19840	60	4.37	228.90
20096	60	4.49	222.79
20352	60	4.51	221.90
20608	60	4.62	216.22
20864	60	4.74	211.07
21120	60	4.74	210.76
21376	60	4.73	211.25
21632	60	4.81	208.07
21888	60	4.82	207.61
22144	60	5.11	195.76
22400	60	5.05	198.16
22656	60	5.10	196.01
22912	60	5.18	192.89
23168	60	5.20	192.31
23424	60	5.28	189.55
23680	60	5.31	188.16
23936	60	5.35	186.94
24192	60	5.44	183.97
24448	60	5.46	183.15
24704	60	5.43	184.13
24960	60	5.45	183.56
25216	60	5.63	177.58
25472	60	5.76	173.75
25728	60	5.76	173.47
25984	60	5.87	170.36
26240	60	5.84	171.35
26496	60	5.93	168.73
26752	60	5.95	168.03
27008	60	5.97	167.46
27264	60	6.19	161.68
27520	60	6.12	163.45
27776	60	6.50	153.74
28032	60	6.39	156.60
28288	60	6.52	153.41
28544	60	6.85	145.89
28800	60	6.75	148.14
29056	60	6.66	150.26
29312	60	6.62	150.98
29568	60	6.67	149.95
29824	60	6.71	148.95
30080	60	6.75	148.09
30336	60	6.76	147.97
30592	60	6.72	148.77
30848	60	6.70	149.17
31104	60	6.93	144.32
31360	60	7.11	140.75
31616	60	6.98	143.29
31872	60	7.20	138.84
32128	60	7.19	139.07
32384	60	7.37	135.72
32640	60	7.34	136.32
32896	60	7.60	131.50
33152	60	7.49	133.46
33408	60	7.53	132.73
33664	60	7.60	131.53
33920	60	7.68	130.29
34176	60	7.63	131.15
34432	60	7.68	130.18
34688	60	7.80	128.21
34944	60	7.85	127.44
35200	60	7.90	126.63
35456	60	7.87	127.12
35712	60	8.11	123.32
35968	60	7.94	125.94
36224	60	8.03	124.53
36480	60	8.18	122.24
36736	60	8.27	120.90
36992	60	8.32	120.25
37248	60	8.45	118.36
37504	60	8.41	118.93
37760	60	8.48	117.94
38016	60	8.44	118.52
38272	60	8.43	118.68
38528	60	8.56	116.76
38784	60	8.54	117.14
39040	60	8.56	116.88
39296	60	8.73	114.50
39552	60	8.74	114.46
39808	60	8.93	111.94
40064	60	8.96	111.58
40320	60	8.95	111.74
40576	60	9.06	110.32
40832	60	9.13	109.52
41088	60	9.15	109.30
41344	60	9.11	109.73
41600	60	9.30	107.49
41856	60	9.31	107.39
42112	60	9.48	105.53
42368	60	9.63	103.79
42624	60	9.51	105.10
42880	60	9.59	104.28
43136	60	9.58	104.43
43392	60	9.69	103.22
43648	60	9.77	102.31
43904	60	9.95	100.46
44160	60	9.86	101.44
44416	60	9.94	100.62
44672	60	9.98	100.18
44928	60	10.01	99.93
45184	60	10.23	97.73
45440	60	10.19	98.11
45696	60	10.30	97.09
45952	60	10.32	96.94
46208	60	10.31	97.02
46464	60	10.34	96.68
46720	60	10.42	95.98
46976	60	10.51	95.11
47232	60	10.55	94.82
47488	60	11.32	88.34
47744	60	10.65	93.87
48000	60	10.76	92.91
48256	60	10.86	92.11
48512	60	10.69	93.56
48768	60	10.82	92.44
49024	60	10.83	92.36
49280	60	10.87	91.97
49536	60	11.04	90.58
49792	60	11.48	87.09
50048	60	11.21	89.21
50304	60	11.24	88.99
50560	60	11.27	88.74
50816	60	11.41	87.67
51072	60	11.33	88.24
51328	60	11.47	87.18
51584	60	11.60	86.22
51840	60	11.68	85.60
52096	60	11.57	86.42
52352	60	11.63	85.96
52608	60	11.66	85.74
52864	60	11.57	86.47
53120	60	11.69	85.54
53376	60	11.64	85.93
53632	60	11.79	84.80
53888	60	11.93	83.83
54144	60	11.99	83.42
54400	60	12.18	82.11
54656	60	12.20	81.97
54912	60	12.21	81.90
55168	60	12.49	80.05
55424	60	12.71	78.66
55680	60	12.43	80.44
55936	60	12.51	79.91
56192	60	12.41	80.57
56448	60	12.56	79.61
56704	60	12.71	78.70
56960	60	12.61	79.28
57216	60	12.65	79.04
57472	60	12.72	78.60
57728	60	12.73	78.53
57984	60	12.70	78.76
58240	60	12.71	78.67
58496	60	13.02	76.82
58752	60	13.13	76.16
59008	60	13.15	76.06
59264	60	13.23	75.57
59520	60	13.48	74.19
59776	60	13.22	75.64
60032	60	13.46	74.27
60288	60	13.38	74.71
60544	60	13.69	73.06
60800	60	13.41	74.57
61056	60	13.58	73.63
61312	60	13.53	73.93
61568	60	13.73	72.82
61824	60	13.80	72.47
62080	60	13.92	71.86
62336	60	13.74	72.78
62592	60	13.53	73.94
62848	60	13.94	71.72
63104	60	13.97	71.57
63360	60	14.16	70.62
63616	60	14.28	70.04
63872	60	14.28	70.01
64128	60	14.18	70.52
64384	60	14.28	70.03
64640	60	14.58	68.59
64896	60	14.52	68.85
65152	60	14.50	68.98
65408	60	14.33	69.79
128	64	0.02	57836.90
384	64	0.12	8359.81
640	64	0.17	5825.47
896	64	0.22	4466.68
1152	64	0.28	3547.67
1408	64	0.39	2586.99
1664	64	0.43	2322.61
1920	64	0.52	1930.20
2176	64	0.54	1838.13
2432	64	0.60	1662.93
2688	64	0.65	1535.07
2944	64	0.71	1410.65
3200	64	0.79	1273.50
3456	64	0.84	1186.35
3712	64	0.93	1075.99
3968	64	0.96	1039.97
4224	64	1.02	984.62
4480	64	1.09	918.40
4736	64	1.11	897.92
4992	64	1.20	830.77
5248	64	1.27	784.67
5504	64	1.31	763.58
5760	64	1.43	700.34
6016	64	1.47	680.81
6272	64	1.51	660.89
6528	64	1.56	640.82
6784	64	1.69	592.12
7040	64	1.68	594.78
7296	64	1.74	574.36
7552	64	1.80	554.51
7808	64	1.87	534.51
8064	64	1.92	522.08
8320	64	2.00	501.08
8576	64	2.07	483.66
8832	64	2.23	448.74
9088	64	2.23	447.59
9344	64	2.26	443.29
9600	64	2.34	427.32
9856	64	2.37	422.83
10112	64	2.42	412.87
10368	64	2.48	403.25
10624	64	2.56	390.95
10880	64	2.63	380.93
11136	64	2.67	374.93
11392	64	2.75	363.57
11648	64	2.78	359.77
11904	64	2.84	352.49
12160	64	2.87	348.01
12416	64	2.92	342.51
12672	64	3.12	320.80
12928	64	3.08	324.85
13184	64	3.18	314.07
13440	64	3.26	306.71
13696	64	3.30	302.89
13952	64	3.30	302.93
14208	64	3.43	291.91
14464	64	3.44	290.82
14720	64	3.50	286.09
14976	64	3.48	287.09
15232	64	3.65	273.66
15488	64	3.68	271.72
15744	64	3.72	268.86
16000	64	3.81	262.52
16256	64	3.82	261.79
16512	64	4.05	246.64
16768	64	4.05	247.14
17024	64	4.08	245.18
17280	64	4.10	244.12
17536	64	4.19	238.89
17792	64	4.28	233.80
18048	64	4.42	226.49
18304	64	4.35	229.88
18560	64	4.43	225.99
18816	64	4.89	204.68
19072	64	5.10	196.21
19328	64	4.73	211.33
19584	64	4.70	212.66
19840	64	4.91	203.71
20096	64	4.85	206.20
20352	64	4.95	201.84
20608	64	5.02	199.29
20864	64	4.95	202.12
21120	64	5.09	196.28
21376	64	5.08	196.71
21632	64	5.11	195.59
21888	64	5.12	195.22
22144	64	5.21	192.11
22400	64	5.29	189.08
22656	64	5.37	186.32
22912	64	5.45	183.37
23168	64	5.53	180.71
23424	64	5.61	178.33
23680	64	5.68	176.15
23936	64	5.74	174.23
24192	64	5.81	171.99
24448	64	5.76	173.74
24704	64	5.76	173.60
24960	64	5.84	171.15
25216	64	5.90	169.36
25472	64	5.92	168.86
25728	64	6.04	165.59
25984	64	6.29	158.99
26240	64	6.25	160.13
26496	64	6.33	157.98
26752	64	6.42	155.79
27008	64	6.54	153.02
27264	64	6.46	154.70
27520	64	6.48	154.22
27776	64	6.55	152.69
28032	64	6.82	146.72
28288	64	6.59	151.76
28544	64	6.68	149.77
28800	64	6.69	149.57
29056	64	6.77	147.67
29312	64	6.84	146.17
29568	64	6.88	145.34
29824	64	7.00	142.88
30080	64	7.03	142.28
30336	64	7.11	140.72
30592	64	7.13	140.18
30848	64	7.28	137.32
31104	64	7.30	137.07
31360	64	7.46	134.10
31616	64	7.45	134.21
31872	64	7.74	129.12
32128	64	7.57	132.04
32384	64	7.66	130.59
32640	64	7.71	129.63
32896	64	7.74	129.17
33152	64	7.68	130.28
33408	64	7.58	131.88
33664	64	7.61	131.36
33920	64	7.75	129.01
34176	64	7.92	126.19
34432	64	8.10	123.46
34688	64	8.28	120.84
34944	64	8.29	120.66
35200	64	8.28	120.83
35456	64	8.42	118.71
35712	64	8.44	118.51
35968	64	8.59	116.36
36224	64	8.57	116.62
36480	64	8.65	115.62
36736	64	8.49	117.81
36992	64	8.60	116.32
37248	64	8.66	115.52
37504	64	8.77	113.99
37760	64	8.96	111.61
38016	64	9.13	109.55
38272	64	9.12	109.69
38528	64	9.30	107.57
38784	64	9.14	109.37
39040	64	9.10	109.92
39296	64	9.16	109.12
39552	64	9.28	107.71
39808	64	9.46	105.68
40064	64	9.52	105.00
40320	64	9.58	104.38
40576	64	9.64	103.70
40832	64	9.55	104.73
41088	64	9.55	104.69
41344	64	9.68	103.35
41600	64	9.72	102.91
41856	64	9.85	101.48
42112	64	9.88	101.19
42368	64	9.99	100.09
42624	64	10.12	98.83
42880	64	10.34	96.67
43136	64	10.35	96.65
43392	64	10.41	96.10
43648	64	10.35	96.61
43904	64	10.45	95.72
44160	64	10.56	94.67
44416	64	10.60	94.36
44672	64	10.65	93.86
44928	64	10.72	93.32
45184	64	10.68	93.66
45440	64	10.77	92.84
45696	64	10.92	91.60
45952	64	10.92	91.57
46208	64	11.02	90.76
46464	64	10.79	92.67
46720	64	10.84	92.24
46976	64	10.91	91.67
47232	64	10.82	92.42
47488	64	10.90	91.71
47744	64	10.92	91.60
48000	64	11.05	90.53
48256	64	11.44	87.43
48512	64	11.57	86.41
48768	64	11.61	86.11
49024	64	11.61	86.13
49280	64	11.69	85.57
49536	64	11.76	85.04
49792	64	11.80	84.77
50048	64	11.89	84.08
50304	64	12.04	83.04
50560	64	11.95	83.68
50816	64	12.02	83.17
51072	64	12.15	82.28
51328	64	12.09	82.74
51584	64	12.21	81.92
51840	64	12.21	81.91
52096	64	12.29	81.36
52352	64	12.74	78.49
52608	64	12.45	80.33
52864	64	12.50	79.97
53120	64	12.54	79.77
53376	64	12.65	79.06
53632	64	12.62	79.22
53888	64	12.84	77.88
54144	64	12.88	77.66
54400	64	12.94	77.27
54656	64	12.91	77.45
54912	64	12.80	78.12
55168	64	12.85	77.82
55424	64	12.99	76.98
55680	64	13.21	75.71
55936	64	13.28	75.32
56192	64	13.26	75.43
56448	64	13.65	73.26
56704	64	13.47	74.26
56960	64	13.77	72.64
57216	64	13.65	73.26
57472	64	13.74	72.77
57728	64	13.67	73.17
57984	64	13.57	73.67
58240	64	13.78	72.57
58496	64	13.93	71.76
58752	64	13.95	71.70
59008	64	13.90	71.92
59264	64	14.04	71.24
59520	64	14.06	71.12
59776	64	14.04	71.24
60032	64	14.09	70.96
60288	64	14.07	71.07
60544	64	14.15	70.67
60800	64	14.83	67.41
61056	64	14.54	68.77
61312	64	14.58	68.57
61568	64	14.53	68.80
61824	64	14.52	68.89
62080	64	14.63	68.35
62336	64	14.73	67.87
62592	64	14.69	68.08
62848	64	14.70	68.04
63104	64	14.76	67.76
63360	64	14.84	67.41
63616	64	15.03	66.54
63872	64	15.17	65.90
64128	64	15.27	65.49
64384	64	15.14	66.04
64640	64	15.19	65.81
64896	64	15.27	65.49
65152	64	15.42	64.84
65408	64	15.52	64.43
