128	4	0.06	16599.41
256	4	0.16	6443.61
384	4	0.26	3875.63
512	4	0.31	3213.29
640	4	0.63	1597.61
768	4	0.75	1340.56
896	4	0.54	1868.06
1024	4	0.80	1250.19
1152	4	1.22	819.20
1280	4	1.42	705.41
1408	4	1.38	725.65
1536	4	1.18	848.19
1664	4	1.63	615.16
1792	4	2.34	427.26
1920	4	2.04	489.16
2048	4	4.31	232.06
2176	4	3.37	296.86
2304	4	1.91	524.52
2432	4	3.34	299.09
2560	4	3.41	293.31
2688	4	3.21	312.00
2816	4	4.31	232.22
2944	4	4.87	205.49
3072	4	4.34	230.16
3200	4	4.67	214.29
3328	4	5.04	198.56
3456	4	4.75	210.66
3584	4	4.20	237.87
3712	4	6.27	159.53
3840	4	6.79	147.20
3968	4	7.04	142.09
4096	4	7.69	130.05
4224	4	7.57	132.07
4352	4	6.33	158.03
4480	4	5.57	179.68
4608	4	8.21	121.77
4736	4	8.17	122.46
4864	4	8.41	118.96
4992	4	5.19	192.57
5120	4	10.20	98.06
5248	4	6.48	154.35
5376	4	7.73	129.41
5504	4	7.12	140.51
5632	4	7.19	138.99
5760	4	6.81	146.90
5888	4	7.24	138.16
6016	4	8.65	115.56
6144	4	11.22	89.10
6272	4	10.54	94.85
6400	4	11.45	87.34
6528	4	12.60	79.36
6656	4	8.44	118.53
6784	4	8.77	113.99
6912	4	8.98	111.31
7040	4	9.49	105.40
7168	4	9.30	107.50
7296	4	9.13	109.49
7424	4	9.52	104.99
7552	4	10.46	95.61
7680	4	11.00	90.89
7808	4	10.42	95.96
7936	4	15.27	65.50
8064	4	13.57	73.70
8192	4	15.11	66.18
128	8	0.12	8313.72
256	8	0.30	3369.93
384	8	0.44	2250.28
512	8	0.59	1697.30
640	8	0.86	1157.93
768	8	1.13	886.70
896	8	1.30	771.59
1024	8	2.55	392.77
1152	8	1.93	517.95
1280	8	2.57	388.51
1408	8	3.13	319.91
1536	8	3.88	257.62
1664	8	4.53	220.85
1792	8	3.97	252.17
1920	8	3.06	326.81
2048	8	4.71	212.24
2176	8	4.10	243.78
2304	8	4.35	230.12
2432	8	5.37	186.10
2560	8	5.54	180.39
2688	8	5.27	189.69
2816	8	7.40	135.08
2944	8	8.30	120.51
3072	8	7.70	129.79
3200	8	7.25	138.00
3328	8	9.29	107.61
3456	8	12.25	81.64
3584	8	7.54	132.59
3712	8	10.11	98.93
3840	8	11.77	84.95
3968	8	10.93	91.45
4096	8	10.77	92.86
4224	8	10.57	94.57
4352	8	9.06	110.40
4480	8	9.82	101.79
4608	8	11.01	90.86
4736	8	12.86	77.73
4864	8	10.71	93.33
4992	8	12.00	83.34
5120	8	13.24	75.53
5248	8	14.35	69.69
5376	8	12.87	77.71
5504	8	16.83	59.41
5632	8	14.02	71.31
5760	8	16.84	59.39
5888	8	15.32	65.28
6016	8	18.84	53.08
6144	8	14.22	70.30
6272	8	19.32	51.77
6400	8	13.32	75.10
6528	8	15.67	63.80
6656	8	23.46	42.62
6784	8	17.62	56.76
6912	8	16.51	60.57
7040	8	25.34	39.47
7168	8	23.90	41.83
7296	8	18.46	54.17
7424	8	22.45	44.54
7552	8	24.61	40.64
7680	8	17.70	56.48
7808	8	14.83	67.44
7936	8	19.62	50.97
8064	8	19.46	51.40
8192	8	18.16	55.05
128	12	0.10	9927.20
256	12	0.44	2258.18
384	12	0.59	1709.37
512	12	0.89	1121.94
640	12	0.95	1049.61
768	12	1.81	553.90
896	12	1.72	582.74
1024	12	1.97	508.62
1152	12	3.73	268.38
1280	12	3.75	266.37
1408	12	2.54	393.52
1536	12	3.61	276.82
1664	12	5.35	186.91
1792	12	5.78	173.11
1920	12	5.67	176.48
2048	12	8.05	124.22
2176	12	6.76	147.87
2304	12	7.15	139.89
2432	12	8.25	121.27
2560	12	7.90	126.61
2688	12	8.83	113.19
2816	12	10.46	95.60
2944	12	10.43	95.92
3072	12	12.28	81.40
3200	12	13.81	72.42
3328	12	12.72	78.60
3456	12	14.57	68.61
3584	12	13.37	74.78
3712	12	11.03	90.68
3840	12	15.72	63.61
3968	12	13.97	71.58
4096	12	13.88	72.03
4224	12	13.20	75.74
4352	12	14.64	68.30
4480	12	15.77	63.40
4608	12	20.80	48.08
4736	12	14.76	67.74
4864	12	17.88	55.94
4992	12	16.85	59.36
5120	12	23.21	43.08
5248	12	27.59	36.24
5376	12	17.34	57.67
5504	12	23.29	42.94
5632	12	20.63	48.47
5760	12	32.18	31.08
5888	12	22.63	44.19
6016	12	18.68	53.53
6144	12	23.23	43.04
6272	12	27.60	36.24
6400	12	24.58	40.68
6528	12	35.21	28.40
6656	12	23.58	42.41
6784	12	39.91	25.06
6912	12	32.50	30.77
7040	12	47.82	20.91
7168	12	27.53	36.32
7296	12	24.58	40.69
7424	12	25.92	38.58
7552	12	29.55	33.85
7680	12	23.58	42.40
7808	12	36.49	27.41
7936	12	26.99	37.05
8064	12	30.77	32.50
8192	12	28.90	34.60
128	16	0.12	8232.80
256	16	0.23	4393.23
384	16	0.86	1168.80
512	16	1.14	877.96
640	16	1.45	688.77
768	16	2.54	393.62
896	16	2.48	402.79
1024	16	3.19	313.38
1152	16	3.61	277.14
1280	16	4.93	202.78
1408	16	5.72	174.90
1536	16	5.72	174.71
1664	16	4.59	217.63
1792	16	9.90	100.97
1920	16	5.68	176.05
2048	16	5.30	188.66
2176	16	8.02	124.74
2304	16	6.78	147.54
2432	16	7.14	140.05
2560	16	9.95	100.51
2688	16	9.19	108.87
2816	16	9.35	106.96
2944	16	12.05	83.02
3072	16	13.03	76.76
3200	16	16.23	61.61
3328	16	14.11	70.85
3456	16	15.92	62.83
3584	16	17.14	58.33
3712	16	12.54	79.72
3840	16	14.35	69.69
3968	16	18.40	54.34
4096	16	18.10	55.26
4224	16	20.33	49.18
4352	16	18.76	53.30
4480	16	13.39	74.67
4608	16	24.79	40.34
4736	16	21.01	47.60
4864	16	15.16	65.96
4992	16	27.82	35.95
5120	16	22.64	44.17
5248	16	30.07	33.26
5376	16	28.07	35.62
5504	16	32.33	30.93
5632	16	22.96	43.56
5760	16	28.77	34.76
5888	16	27.42	36.47
6016	16	29.16	34.29
6144	16	33.30	30.03
6272	16	35.65	28.05
6400	16	41.38	24.17
6528	16	26.95	37.10
6656	16	33.40	29.94
6784	16	25.39	39.38
6912	16	45.87	21.80
7040	16	35.29	28.33
7168	16	41.55	24.07
7296	16	40.40	24.75
7424	16	35.97	27.80
7552	16	39.62	25.24
7680	16	47.52	21.04
7808	16	39.64	25.23
7936	16	39.25	25.48
8064	16	26.63	37.56
8192	16	35.96	27.81
128	20	0.13	7609.88
256	20	0.26	3808.03
384	20	0.57	1740.66
512	20	0.99	1012.03
640	20	1.37	729.41
768	20	2.37	422.64
896	20	2.16	461.97
1024	20	3.11	321.06
1152	20	4.08	245.10
1280	20	5.93	168.66
1408	20	4.98	200.70
1536	20	5.96	167.71
1664	20	7.14	140.03
1792	20	7.52	132.91
1920	20	11.48	87.11
2048	20	9.10	109.88
2176	20	13.04	76.66
2304	20	10.82	92.44
2432	20	8.52	117.38
2560	20	8.47	118.00
2688	20	11.30	88.49
2816	20	13.03	76.74
2944	20	17.00	58.83
3072	20	17.88	55.93
3200	20	16.35	61.16
3328	20	22.29	44.86
3456	20	14.67	68.16
3584	20	20.29	49.28
3712	20	21.75	45.98
3840	20	23.94	41.76
3968	20	19.55	51.16
4096	20	26.60	37.59
4224	20	16.67	60.00
4352	20	29.22	34.22
4480	20	26.90	37.17
4608	20	21.91	45.64
4736	20	21.98	45.49
4864	20	26.03	38.42
4992	20	27.76	36.02
5120	20	25.95	38.54
5248	20	29.55	33.84
5376	20	31.72	31.53
5504	20	25.68	38.95
5632	20	36.96	27.06
5760	20	32.21	31.05
5888	20	43.18	23.16
6016	20	33.57	29.79
6144	20	45.51	21.97
6272	20	17.77	56.29
6400	20	35.48	28.18
6528	20	6.68	149.73
6656	20	42.06	23.77
6784	20	39.99	25.01
6912	20	42.55	23.50
7040	20	48.03	20.82
7168	20	40.00	25.00
7296	20	47.65	20.98
7424	20	38.21	26.17
7552	20	39.31	25.44
7680	20	44.30	22.57
7808	20	49.48	20.21
7936	20	44.28	22.58
8064	20	47.50	21.05
8192	20	50.24	19.90
128	24	0.15	6790.60
256	24	0.31	3217.14
384	24	0.97	1029.62
512	24	1.27	787.08
640	24	1.41	707.21
768	24	2.98	335.44
896	24	1.26	793.50
1024	24	3.93	254.60
1152	24	4.37	228.82
1280	24	4.91	203.71
1408	24	6.57	152.27
1536	24	8.81	113.50
1664	24	1.96	509.99
1792	24	9.43	106.00
1920	24	2.23	447.86
2048	24	8.45	118.38
2176	24	11.89	84.09
2304	24	10.69	93.51
2432	24	2.85	351.02
2560	24	11.13	89.88
2688	24	3.07	325.54
2816	24	14.06	71.12
2944	24	11.96	83.63
3072	24	21.73	46.02
3200	24	15.75	63.48
3328	24	19.93	50.18
3456	24	19.94	50.16
3584	24	20.57	48.61
3712	24	4.30	232.52
3840	24	4.44	225.19
3968	24	25.85	38.69
4096	24	4.78	209.27
4224	24	27.11	36.89
4352	24	31.48	31.77
4480	24	29.02	34.45
4608	24	30.39	32.90
4736	24	40.06	24.96
4864	24	30.65	32.62
4992	24	17.52	57.09
5120	24	29.62	33.76
5248	24	6.15	162.47
5376	24	14.83	67.41
5504	24	32.93	30.36
5632	24	41.65	24.01
5760	24	45.70	21.88
5888	24	34.31	29.15
6016	24	6.98	143.36
6144	24	50.45	19.82
6272	24	46.46	21.52
6400	24	50.92	19.64
6528	24	39.69	25.19
6656	24	40.12	24.93
6784	24	34.64	28.87
6912	24	7.89	126.74
7040	24	8.12	123.10
7168	24	67.16	14.89
7296	24	50.75	19.71
7424	24	67.87	14.73
7552	24	50.68	19.73
7680	24	50.46	19.82
7808	24	63.27	15.81
7936	24	53.74	18.61
8064	24	8.86	112.82
8192	24	68.25	14.65
128	28	0.16	6178.31
256	28	0.33	3036.06
384	28	0.51	1979.31
512	28	0.66	1519.49
640	28	2.02	494.68
768	28	0.96	1042.63
896	28	2.80	356.82
1024	28	1.61	619.94
1152	28	5.96	167.74
1280	28	1.63	614.71
1408	28	1.80	555.59
1536	28	1.93	518.61
1664	28	2.14	467.74
1792	28	2.37	421.15
1920	28	2.43	412.08
2048	28	2.57	389.62
2176	28	2.71	368.78
2304	28	2.89	345.55
2432	28	20.64	48.45
2560	28	3.23	309.77
2688	28	3.47	288.10
2816	28	19.52	51.23
2944	28	24.99	40.01
3072	28	22.66	44.13
3200	28	28.74	34.79
3328	28	4.35	229.80
3456	28	4.48	223.18
3584	28	4.71	212.46
3712	28	27.92	35.81
3840	28	30.33	32.97
3968	28	24.86	40.22
4096	28	7.80	128.25
4224	28	5.30	188.66
4352	28	5.51	181.59
4480	28	5.65	177.13
4608	28	5.73	174.39
4736	28	5.97	167.48
4864	28	6.14	162.73
4992	28	6.30	158.68
5120	28	32.43	30.83
5248	28	35.71	28.00
5376	28	36.44	27.44
5504	28	39.28	25.46
5632	28	36.00	27.78
5760	28	53.71	18.62
5888	28	41.34	24.19
6016	28	51.10	19.57
6144	28	28.22	35.43
6272	28	8.02	124.69
6400	28	38.04	26.29
6528	28	8.39	119.18
6656	28	61.70	16.21
6784	28	72.27	13.84
6912	28	60.16	16.62
7040	28	46.22	21.64
7168	28	9.26	107.95
7296	28	9.59	104.33
7424	28	61.16	16.35
7552	28	71.53	13.98
7680	28	66.88	14.95
7808	28	52.15	19.18
7936	28	57.76	17.31
8064	28	75.11	13.31
8192	28	77.64	12.88
128	32	0.18	5647.64
256	32	0.36	2798.47
384	32	0.54	1837.79
512	32	0.70	1420.51
640	32	0.90	1117.10
768	32	1.87	535.05
896	32	1.25	800.77
1024	32	2.89	346.52
1152	32	1.59	629.21
1280	32	3.20	312.65
1408	32	1.98	504.29
1536	32	2.21	451.54
1664	32	2.37	421.67
1792	32	12.04	83.03
1920	32	13.42	74.51
2048	32	10.08	99.23
2176	32	3.17	315.12
2304	32	4.35	230.14
2432	32	16.19	61.76
2560	32	13.46	74.30
2688	32	19.13	52.28
2816	32	20.81	48.05
2944	32	4.13	241.91
3072	32	4.31	232.23
3200	32	4.53	220.82
3328	32	4.68	213.81
3456	32	12.03	83.10
3584	32	32.72	30.57
3712	32	33.07	30.24
3840	32	32.82	30.47
3968	32	36.13	27.68
4096	32	13.63	73.36
4224	32	5.84	171.26
4352	32	6.09	164.28
4480	32	7.85	127.38
4608	32	6.39	156.44
4736	32	6.62	151.04
4864	32	6.81	146.75
4992	32	7.06	141.54
5120	32	48.66	20.55
5248	32	49.82	20.07
5376	32	47.32	21.13
5504	32	51.94	19.25
5632	32	7.91	126.46
5760	32	8.17	122.38
5888	32	8.36	119.69
6016	32	8.66	115.50
6144	32	20.93	47.79
6272	32	45.43	22.01
6400	32	8.94	111.85
6528	32	9.08	110.11
6656	32	9.32	107.26
6784	32	78.48	12.74
6912	32	80.30	12.45
7040	32	61.19	16.34
7168	32	73.80	13.55
7296	32	10.41	96.10
7424	32	10.76	92.94
7552	32	10.62	94.19
7680	32	10.83	92.37
7808	32	10.82	92.38
7936	32	10.96	91.28
8064	32	36.29	27.56
8192	32	76.28	13.11
